Radius (cm)		Pressure (dyne/cm^2)		Mass (M☉)		Density (g/cm^3)
2.00000000e+03		1.75949038e+33		7.53982237e+24		2.25000000e+14		 
4.00000000e+03		1.75942000e+33		6.22030509e+25		2.24996770e+14		 
6.00000000e+03		1.75928365e+33		2.07340205e+26		2.24990513e+14		 
8.00000000e+03		1.75908594e+33		4.88180443e+26		2.24981439e+14		 
1.00000000e+04		1.75882811e+33		9.49943280e+26		2.24969607e+14		 
1.20000000e+04		1.75851072e+33		1.63783533e+27		2.24955041e+14		 
1.40000000e+04		1.75813409e+33		2.59704704e+27		2.24937757e+14		 
1.60000000e+04		1.75769843e+33		3.87274946e+27		2.24917763e+14		 
1.80000000e+04		1.75720386e+33		5.51009100e+27		2.24895067e+14		 
2.00000000e+04		1.75665051e+33		7.55419418e+27		2.24869672e+14		 
2.20000000e+04		1.75603847e+33		1.00501524e+28		2.24841584e+14		 
2.40000000e+04		1.75536780e+33		1.30430267e+28		2.24810806e+14		 
2.60000000e+04		1.75463859e+33		1.65778427e+28		2.24777340e+14		 
2.80000000e+04		1.75385090e+33		2.06995871e+28		2.24741192e+14		 
3.00000000e+04		1.75300480e+33		2.54532045e+28		2.24702362e+14		 
3.20000000e+04		1.75210035e+33		3.08835946e+28		2.24660855e+14		 
3.40000000e+04		1.75113762e+33		3.70356086e+28		2.24616673e+14		 
3.60000000e+04		1.75011667e+33		4.39540460e+28		2.24569819e+14		 
3.80000000e+04		1.74903758e+33		5.16836516e+28		2.24520297e+14		 
4.00000000e+04		1.74790040e+33		6.02691124e+28		2.24468109e+14		 
4.20000000e+04		1.74670522e+33		6.97550541e+28		2.24413260e+14		 
4.40000000e+04		1.74545210e+33		8.01860383e+28		2.24355751e+14		 
4.60000000e+04		1.74414112e+33		9.16065591e+28		2.24295588e+14		 
4.80000000e+04		1.74277237e+33		1.04061040e+29		2.24232772e+14		 
5.00000000e+04		1.74134591e+33		1.17593831e+29		2.24167309e+14		 
5.20000000e+04		1.73986184e+33		1.32249205e+29		2.24099201e+14		 
5.40000000e+04		1.73832024e+33		1.48071355e+29		2.24028454e+14		 
5.60000000e+04		1.73672120e+33		1.65104392e+29		2.23955070e+14		 
5.80000000e+04		1.73506481e+33		1.83392339e+29		2.23879055e+14		 
6.00000000e+04		1.73335118e+33		2.02979132e+29		2.23800412e+14		 
6.20000000e+04		1.73158038e+33		2.23908613e+29		2.23719146e+14		 
6.40000000e+04		1.72975254e+33		2.46224529e+29		2.23635262e+14		 
6.60000000e+04		1.72786775e+33		2.69970530e+29		2.23548765e+14		 
6.80000000e+04		1.72592611e+33		2.95190163e+29		2.23459659e+14		 
7.00000000e+04		1.72392775e+33		3.21926872e+29		2.23367949e+14		 
7.20000000e+04		1.72187276e+33		3.50223993e+29		2.23273641e+14		 
7.40000000e+04		1.71976127e+33		3.80124751e+29		2.23176740e+14		 
7.60000000e+04		1.71759340e+33		4.11672260e+29		2.23077252e+14		 
7.80000000e+04		1.71536927e+33		4.44909515e+29		2.22975181e+14		 
8.00000000e+04		1.71308900e+33		4.79879394e+29		2.22870534e+14		 
8.20000000e+04		1.71075271e+33		5.16624652e+29		2.22763317e+14		 
8.40000000e+04		1.70836055e+33		5.55187918e+29		2.22653535e+14		 
8.60000000e+04		1.70591264e+33		5.95611695e+29		2.22541195e+14		 
8.80000000e+04		1.70340912e+33		6.37938355e+29		2.22426302e+14		 
9.00000000e+04		1.70085013e+33		6.82210136e+29		2.22308865e+14		 
9.20000000e+04		1.69823582e+33		7.28469139e+29		2.22188887e+14		 
9.40000000e+04		1.69556632e+33		7.76757327e+29		2.22066378e+14		 
9.60000000e+04		1.69284178e+33		8.27116521e+29		2.21941343e+14		 
9.80000000e+04		1.69006236e+33		8.79588395e+29		2.21813789e+14		 
1.00000000e+05		1.68722820e+33		9.34214479e+29		2.21683723e+14		 
1.02000000e+05		1.68433948e+33		9.91036150e+29		2.21551152e+14		 
1.04000000e+05		1.68139633e+33		1.05009463e+30		2.21416085e+14		 
1.06000000e+05		1.67839893e+33		1.11143100e+30		2.21278527e+14		 
1.08000000e+05		1.67534745e+33		1.17508616e+30		2.21138488e+14		 
1.10000000e+05		1.67224211e+33		1.24109934e+30		2.20985461e+14		 
1.12000000e+05		1.66908319e+33		1.30950907e+30		2.20828626e+14		 
1.14000000e+05		1.66587089e+33		1.38035533e+30		2.20669141e+14		 
1.16000000e+05		1.66260539e+33		1.45367804e+30		2.20507014e+14		 
1.18000000e+05		1.65928689e+33		1.52951691e+30		2.20342256e+14		 
1.20000000e+05		1.65591559e+33		1.60791149e+30		2.20174877e+14		 
1.22000000e+05		1.65249170e+33		1.68890112e+30		2.20004886e+14		 
1.24000000e+05		1.64901540e+33		1.77252497e+30		2.19832294e+14		 
1.26000000e+05		1.64548692e+33		1.85882200e+30		2.19657111e+14		 
1.28000000e+05		1.64190645e+33		1.94783096e+30		2.19479346e+14		 
1.30000000e+05		1.63827421e+33		2.03959042e+30		2.19299012e+14		 
1.32000000e+05		1.63459041e+33		2.13413875e+30		2.19116117e+14		 
1.34000000e+05		1.63085527e+33		2.23151409e+30		2.18930674e+14		 
1.36000000e+05		1.62706900e+33		2.33175440e+30		2.18742692e+14		 
1.38000000e+05		1.62323183e+33		2.43489741e+30		2.18552183e+14		 
1.40000000e+05		1.61934398e+33		2.54098064e+30		2.18359158e+14		 
1.42000000e+05		1.61540568e+33		2.65004141e+30		2.18163628e+14		 
1.44000000e+05		1.61141715e+33		2.76211680e+30		2.17965604e+14		 
1.46000000e+05		1.60737863e+33		2.87724369e+30		2.17765098e+14		 
1.48000000e+05		1.60329034e+33		2.99545873e+30		2.17562121e+14		 
1.50000000e+05		1.59915253e+33		3.11679834e+30		2.17356686e+14		 
1.52000000e+05		1.59496543e+33		3.24129872e+30		2.17148803e+14		 
1.54000000e+05		1.59072928e+33		3.36899585e+30		2.16938486e+14		 
1.56000000e+05		1.58644433e+33		3.49992546e+30		2.16725745e+14		 
1.58000000e+05		1.58211081e+33		3.63412306e+30		2.16510593e+14		 
1.60000000e+05		1.57772898e+33		3.77162393e+30		2.16293043e+14		 
1.62000000e+05		1.57329909e+33		3.91246309e+30		2.16073106e+14		 
1.64000000e+05		1.56882138e+33		4.05667534e+30		2.15850795e+14		 
1.66000000e+05		1.56429611e+33		4.20429524e+30		2.15626123e+14		 
1.68000000e+05		1.55972353e+33		4.35535710e+30		2.15399102e+14		 
1.70000000e+05		1.55510391e+33		4.50989498e+30		2.15169746e+14		 
1.72000000e+05		1.55043750e+33		4.66794271e+30		2.14938066e+14		 
1.74000000e+05		1.54572461e+33		4.82953248e+30		2.14698591e+14		 
1.76000000e+05		1.54096575e+33		4.99468881e+30		2.14443355e+14		 
1.78000000e+05		1.53616133e+33		5.16343970e+30		2.14185676e+14		 
1.80000000e+05		1.53131166e+33		5.33581714e+30		2.13925570e+14		 
1.82000000e+05		1.52641703e+33		5.51185288e+30		2.13663052e+14		 
1.84000000e+05		1.52147773e+33		5.69157835e+30		2.13398138e+14		 
1.86000000e+05		1.51649406e+33		5.87502473e+30		2.13130845e+14		 
1.88000000e+05		1.51146633e+33		6.06222293e+30		2.12861188e+14		 
1.90000000e+05		1.50639483e+33		6.25320356e+30		2.12589185e+14		 
1.92000000e+05		1.50127987e+33		6.44799695e+30		2.12314850e+14		 
1.94000000e+05		1.49612175e+33		6.64663315e+30		2.12038200e+14		 
1.96000000e+05		1.49092079e+33		6.84914193e+30		2.11759253e+14		 
1.98000000e+05		1.48567729e+33		7.05555277e+30		2.11478024e+14		 
2.00000000e+05		1.48039155e+33		7.26589487e+30		2.11194530e+14		 
2.02000000e+05		1.47506390e+33		7.48019711e+30		2.10908787e+14		 
2.04000000e+05		1.46969463e+33		7.69848812e+30		2.10620813e+14		 
2.06000000e+05		1.46428408e+33		7.92079621e+30		2.10330624e+14		 
2.08000000e+05		1.45883255e+33		8.14714942e+30		2.10038238e+14		 
2.10000000e+05		1.45334036e+33		8.37757547e+30		2.09743671e+14		 
2.12000000e+05		1.44780782e+33		8.61210181e+30		2.09446940e+14		 
2.14000000e+05		1.44223526e+33		8.85075557e+30		2.09148062e+14		 
2.16000000e+05		1.43662301e+33		9.09356360e+30		2.08847056e+14		 
2.18000000e+05		1.43097141e+33		9.34055061e+30		2.08539314e+14		 
2.20000000e+05		1.42528117e+33		9.59172647e+30		2.08210185e+14		 
2.22000000e+05		1.41955287e+33		9.84710553e+30		2.07878856e+14		 
2.24000000e+05		1.41378687e+33		1.01067122e+31		2.07545346e+14		 
2.26000000e+05		1.40798354e+33		1.03705706e+31		2.07209676e+14		 
2.28000000e+05		1.40214322e+33		1.06387045e+31		2.06871867e+14		 
2.30000000e+05		1.39626627e+33		1.09111374e+31		2.06531940e+14		 
2.32000000e+05		1.39035306e+33		1.11878923e+31		2.06189915e+14		 
2.34000000e+05		1.38440394e+33		1.14689921e+31		2.05845813e+14		 
2.36000000e+05		1.37841927e+33		1.17544593e+31		2.05499654e+14		 
2.38000000e+05		1.37239941e+33		1.20443160e+31		2.05151461e+14		 
2.40000000e+05		1.36634473e+33		1.23385841e+31		2.04801253e+14		 
2.42000000e+05		1.36025559e+33		1.26372850e+31		2.04449052e+14		 
2.44000000e+05		1.35413234e+33		1.29404400e+31		2.04094878e+14		 
2.46000000e+05		1.34797535e+33		1.32480698e+31		2.03738753e+14		 
2.48000000e+05		1.34178499e+33		1.35601951e+31		2.03380697e+14		 
2.50000000e+05		1.33556161e+33		1.38768361e+31		2.03020732e+14		 
2.52000000e+05		1.32930559e+33		1.41980125e+31		2.02658878e+14		 
2.54000000e+05		1.32301763e+33		1.45237256e+31		2.02271100e+14		 
2.56000000e+05		1.31669860e+33		1.48539692e+31		2.01877699e+14		 
2.58000000e+05		1.31034892e+33		1.51887587e+31		2.01482390e+14		 
2.60000000e+05		1.30396900e+33		1.55281112e+31		2.01085199e+14		 
2.62000000e+05		1.29755924e+33		1.58720432e+31		2.00686149e+14		 
2.64000000e+05		1.29112002e+33		1.62205709e+31		2.00285266e+14		 
2.66000000e+05		1.28465176e+33		1.65737105e+31		1.99882574e+14		 
2.68000000e+05		1.27815483e+33		1.69314774e+31		1.99478098e+14		 
2.70000000e+05		1.27162965e+33		1.72938870e+31		1.99071863e+14		 
2.72000000e+05		1.26507660e+33		1.76609541e+31		1.98663893e+14		 
2.74000000e+05		1.25849608e+33		1.80326933e+31		1.98254212e+14		 
2.76000000e+05		1.25188849e+33		1.84091188e+31		1.97842846e+14		 
2.78000000e+05		1.24525421e+33		1.87902447e+31		1.97429819e+14		 
2.80000000e+05		1.23859365e+33		1.91760843e+31		1.97015156e+14		 
2.82000000e+05		1.23190736e+33		1.95666415e+31		1.96584721e+14		 
2.84000000e+05		1.22519641e+33		1.99618884e+31		1.96136008e+14		 
2.86000000e+05		1.21846145e+33		2.03618238e+31		1.95685688e+14		 
2.88000000e+05		1.21170289e+33		2.07664581e+31		1.95233791e+14		 
2.90000000e+05		1.20492116e+33		2.11758013e+31		1.94780345e+14		 
2.92000000e+05		1.19811667e+33		2.15898631e+31		1.94325377e+14		 
2.94000000e+05		1.19128986e+33		2.20086526e+31		1.93868916e+14		 
2.96000000e+05		1.18444114e+33		2.24321789e+31		1.93410991e+14		 
2.98000000e+05		1.17757093e+33		2.28604506e+31		1.92951629e+14		 
3.00000000e+05		1.17067965e+33		2.32934759e+31		1.92490857e+14		 
3.02000000e+05		1.16376771e+33		2.37312627e+31		1.92028704e+14		 
3.04000000e+05		1.15683552e+33		2.41738187e+31		1.91565198e+14		 
3.06000000e+05		1.14988353e+33		2.46211489e+31		1.91097725e+14		 
3.08000000e+05		1.14291280e+33		2.50732186e+31		1.90598364e+14		 
3.10000000e+05		1.13592429e+33		2.55299977e+31		1.90097730e+14		 
3.12000000e+05		1.12891844e+33		2.59914905e+31		1.89595854e+14		 
3.14000000e+05		1.12189571e+33		2.64577007e+31		1.89092768e+14		 
3.16000000e+05		1.11485652e+33		2.69286317e+31		1.88588504e+14		 
3.18000000e+05		1.10780131e+33		2.74042868e+31		1.88083092e+14		 
3.20000000e+05		1.10073052e+33		2.78846686e+31		1.87576563e+14		 
3.22000000e+05		1.09364456e+33		2.83697798e+31		1.87068948e+14		 
3.24000000e+05		1.08654387e+33		2.88596223e+31		1.86560278e+14		 
3.26000000e+05		1.07942888e+33		2.93541980e+31		1.86050583e+14		 
3.28000000e+05		1.07230010e+33		2.98535018e+31		1.85532571e+14		 
3.30000000e+05		1.06515872e+33		3.03574802e+31		1.84985902e+14		 
3.32000000e+05		1.05800567e+33		3.08660981e+31		1.84438339e+14		 
3.34000000e+05		1.05084140e+33		3.13793537e+31		1.83889918e+14		 
3.36000000e+05		1.04366636e+33		3.18972451e+31		1.83340672e+14		 
3.38000000e+05		1.03648099e+33		3.24197697e+31		1.82790635e+14		 
3.40000000e+05		1.02928571e+33		3.29469251e+31		1.82239840e+14		 
3.42000000e+05		1.02208098e+33		3.34787081e+31		1.81688321e+14		 
3.44000000e+05		1.01486722e+33		3.40151155e+31		1.81136110e+14		 
3.46000000e+05		1.00764485e+33		3.45561437e+31		1.80583241e+14		 
3.48000000e+05		1.00041456e+33		3.51017695e+31		1.80011138e+14		 
3.50000000e+05		9.93177736e+32		3.56519146e+31		1.79420842e+14		 
3.52000000e+05		9.85935068e+32		3.62065546e+31		1.78830070e+14		 
3.54000000e+05		9.78686998e+32		3.67656825e+31		1.78238856e+14		 
3.56000000e+05		9.71433966e+32		3.73292907e+31		1.77647238e+14		 
3.58000000e+05		9.64176407e+32		3.78973716e+31		1.77055251e+14		 
3.60000000e+05		9.56914754e+32		3.84699174e+31		1.76462930e+14		 
3.62000000e+05		9.49649433e+32		3.90469196e+31		1.75870310e+14		 
3.64000000e+05		9.42380868e+32		3.96283699e+31		1.75277425e+14		 
3.66000000e+05		9.35109998e+32		4.02142173e+31		1.74656292e+14		 
3.68000000e+05		9.27838143e+32		4.08043795e+31		1.74026139e+14		 
3.70000000e+05		9.20565864e+32		4.13988349e+31		1.73395950e+14		 
3.72000000e+05		9.13293595e+32		4.19975717e+31		1.72765762e+14		 
3.74000000e+05		9.06021763e+32		4.26005778e+31		1.72135612e+14		 
3.76000000e+05		8.98750793e+32		4.32078407e+31		1.71505536e+14		 
3.78000000e+05		8.91481101e+32		4.38193478e+31		1.70875571e+14		 
3.80000000e+05		8.84213102e+32		4.44350862e+31		1.70245753e+14		 
3.82000000e+05		8.76947755e+32		4.50549954e+31		1.69587397e+14		 
3.84000000e+05		8.69686392e+32		4.56789825e+31		1.68920993e+14		 
3.86000000e+05		8.62429553e+32		4.63070217e+31		1.68255004e+14		 
3.88000000e+05		8.55177656e+32		4.69390970e+31		1.67589468e+14		 
3.90000000e+05		8.47931110e+32		4.75751919e+31		1.66924424e+14		 
3.92000000e+05		8.40690322e+32		4.82152902e+31		1.66259908e+14		 
3.94000000e+05		8.33455690e+32		4.88593751e+31		1.65595957e+14		 
3.96000000e+05		8.26227837e+32		4.95074090e+31		1.64916810e+14		 
3.98000000e+05		8.19008192e+32		5.01592809e+31		1.64217369e+14		 
4.00000000e+05		8.11797503e+32		5.08149403e+31		1.63518795e+14		 
4.02000000e+05		8.04596166e+32		5.14743679e+31		1.62821128e+14		 
4.04000000e+05		7.97404572e+32		5.21375439e+31		1.62124404e+14		 
4.06000000e+05		7.90223103e+32		5.28044484e+31		1.61428661e+14		 
4.08000000e+05		7.83052137e+32		5.34750615e+31		1.60733936e+14		 
4.10000000e+05		7.75892443e+32		5.41493252e+31		1.60017839e+14		 
4.12000000e+05		7.68745402e+32		5.48271228e+31		1.59289308e+14		 
4.14000000e+05		7.61611592e+32		5.55084128e+31		1.58562127e+14		 
4.16000000e+05		7.54491382e+32		5.61931725e+31		1.57836331e+14		 
4.18000000e+05		7.47385134e+32		5.68813795e+31		1.57111959e+14		 
4.20000000e+05		7.40293201e+32		5.75730107e+31		1.56389046e+14		 
4.22000000e+05		7.33216073e+32		5.82680294e+31		1.55658218e+14		 
4.24000000e+05		7.26155029e+32		5.89663194e+31		1.54903409e+14		 
4.26000000e+05		7.19110924e+32		5.96678058e+31		1.54150410e+14		 
4.28000000e+05		7.12084099e+32		6.03724636e+31		1.53399259e+14		 
4.30000000e+05		7.05074887e+32		6.10802678e+31		1.52649991e+14		 
4.32000000e+05		6.98083612e+32		6.17911933e+31		1.51902640e+14		 
4.34000000e+05		6.91110748e+32		6.25051988e+31		1.51147001e+14		 
4.36000000e+05		6.84157538e+32		6.32221628e+31		1.50370092e+14		 
4.38000000e+05		6.77224753e+32		6.39420113e+31		1.49595465e+14		 
4.40000000e+05		6.70312700e+32		6.46647174e+31		1.48823155e+14		 
4.42000000e+05		6.63421676e+32		6.53902544e+31		1.48053194e+14		 
4.44000000e+05		6.56551971e+32		6.61185954e+31		1.47285615e+14		 
4.46000000e+05		6.49704287e+32		6.68496683e+31		1.46498944e+14		 
4.48000000e+05		6.42879807e+32		6.75833485e+31		1.45704493e+14		 
4.50000000e+05		6.36078969e+32		6.83195904e+31		1.44912794e+14		 
4.52000000e+05		6.29302039e+32		6.90583657e+31		1.44123879e+14		 
4.54000000e+05		6.22549274e+32		6.97996464e+31		1.43337776e+14		 
4.56000000e+05		6.15821079e+32		7.05433869e+31		1.42544612e+14		 
4.58000000e+05		6.09118562e+32		7.12894627e+31		1.41734236e+14		 
4.60000000e+05		6.02442359e+32		7.20378005e+31		1.40927041e+14		 
4.62000000e+05		5.95792701e+32		7.27883711e+31		1.40123057e+14		 
4.64000000e+05		5.89169811e+32		7.35411455e+31		1.39322308e+14		 
4.66000000e+05		5.82574006e+32		7.42960828e+31		1.38518292e+14		 
4.68000000e+05		5.76006263e+32		7.50530648e+31		1.37696027e+14		 
4.70000000e+05		5.69467248e+32		7.58120087e+31		1.36877359e+14		 
4.72000000e+05		5.62957151e+32		7.65728850e+31		1.36062311e+14		 
4.74000000e+05		5.56476157e+32		7.73356641e+31		1.35250906e+14		 
4.76000000e+05		5.50024589e+32		7.81002992e+31		1.34434024e+14		 
4.78000000e+05		5.43603384e+32		7.88666688e+31		1.33603934e+14		 
4.80000000e+05		5.37213040e+32		7.96347033e+31		1.32777832e+14		 
4.82000000e+05		5.30853708e+32		8.04043729e+31		1.31955740e+14		 
4.84000000e+05		5.24525532e+32		8.11756481e+31		1.31137676e+14		 
4.86000000e+05		5.18228962e+32		8.19484610e+31		1.30307869e+14		 
4.88000000e+05		5.11964841e+32		8.27226936e+31		1.29473939e+14		 
4.90000000e+05		5.05733425e+32		8.34982999e+31		1.28644362e+14		 
4.92000000e+05		4.99534823e+32		8.42752504e+31		1.27819154e+14		 
4.94000000e+05		4.93369183e+32		8.50535105e+31		1.26995680e+14		 
4.96000000e+05		4.87237179e+32		8.58329771e+31		1.26157054e+14		 
4.98000000e+05		4.81139352e+32		8.66135635e+31		1.25323103e+14		 
5.00000000e+05		4.75075779e+32		8.73952407e+31		1.24493836e+14		 
5.02000000e+05		4.69046529e+32		8.81779799e+31		1.23669264e+14		 
5.04000000e+05		4.63051981e+32		8.89617110e+31		1.22834554e+14		 
5.06000000e+05		4.57092774e+32		8.97463288e+31		1.21999182e+14		 
5.08000000e+05		4.51169042e+32		9.05317930e+31		1.21168783e+14		 
5.10000000e+05		4.45280822e+32		9.13180756e+31		1.20343362e+14		 
5.12000000e+05		4.39428283e+32		9.21051297e+31		1.19514324e+14		 
5.14000000e+05		4.33612042e+32		9.28928472e+31		1.18680283e+14		 
5.16000000e+05		4.27832286e+32		9.36811766e+31		1.17851475e+14		 
5.18000000e+05		4.22089021e+32		9.44700907e+31		1.17027899e+14		 
5.20000000e+05		4.16503123e+32		9.52427138e+31		1.09352458e+14		 
5.22000000e+05		4.11356399e+32		9.59597774e+31		1.02690037e+14		 
5.24000000e+05		4.06361329e+32		9.66612702e+31		1.01402806e+14		 
5.26000000e+05		4.01430653e+32		9.73592793e+31		1.00132170e+14		 
5.28000000e+05		3.96563804e+32		9.80538053e+31		9.88779823e+13		 
5.30000000e+05		3.91760210e+32		9.87448495e+31		9.76400952e+13		 
5.32000000e+05		3.87019286e+32		9.94324142e+31		9.64183583e+13		 
5.34000000e+05		3.82340442e+32		1.00116502e+32		9.52126194e+13		 
5.36000000e+05		3.77723081e+32		1.00797118e+32		9.40227245e+13		 
5.38000000e+05		3.73166065e+32		1.01474345e+32		9.28804516e+13		 
5.40000000e+05		3.68666780e+32		1.02148490e+32		9.17835437e+13		 
5.42000000e+05		3.64224166e+32		1.02819629e+32		9.07004519e+13		 
5.44000000e+05		3.59837666e+32		1.03487765e+32		8.96310406e+13		 
5.46000000e+05		3.55506721e+32		1.04152899e+32		8.85751732e+13		 
5.48000000e+05		3.51230767e+32		1.04815035e+32		8.75327125e+13		 
5.50000000e+05		3.47009239e+32		1.05474175e+32		8.65035206e+13		 
5.52000000e+05		3.42841570e+32		1.06130324e+32		8.54874594e+13		 
5.54000000e+05		3.38727191e+32		1.06783486e+32		8.44843901e+13		 
5.56000000e+05		3.34664811e+32		1.07433782e+32		8.35282249e+13		 
5.58000000e+05		3.30652535e+32		1.08081433e+32		8.25969454e+13		 
5.60000000e+05		3.26689624e+32		1.08726474e+32		8.16771241e+13		 
5.62000000e+05		3.22775556e+32		1.09368909e+32		8.07686393e+13		 
5.64000000e+05		3.18909805e+32		1.10008740e+32		7.98713694e+13		 
5.66000000e+05		3.15091848e+32		1.10645971e+32		7.89851929e+13		 
5.68000000e+05		3.11321163e+32		1.11280606e+32		7.81099885e+13		 
5.70000000e+05		3.07597227e+32		1.11912649e+32		7.72456350e+13		 
5.72000000e+05		3.03919521e+32		1.12542104e+32		7.63920118e+13		 
5.74000000e+05		3.00287834e+32		1.13168923e+32		7.55298139e+13		 
5.76000000e+05		2.96703078e+32		1.13792861e+32		7.46501686e+13		 
5.78000000e+05		2.93165225e+32		1.14413835e+32		7.37820324e+13		 
5.80000000e+05		2.89673712e+32		1.15031855e+32		7.29252674e+13		 
5.82000000e+05		2.86227980e+32		1.15646932e+32		7.20797364e+13		 
5.84000000e+05		2.82827472e+32		1.16259075e+32		7.12453028e+13		 
5.86000000e+05		2.79471635e+32		1.16868295e+32		7.04218308e+13		 
5.88000000e+05		2.76159919e+32		1.17474605e+32		6.96091852e+13		 
5.90000000e+05		2.72891775e+32		1.18078014e+32		6.88072317e+13		 
5.92000000e+05		2.69665927e+32		1.18678673e+32		6.80622909e+13		 
5.94000000e+05		2.66478815e+32		1.19277162e+32		6.73787120e+13		 
5.96000000e+05		2.63329127e+32		1.19873650e+32		6.67031599e+13		 
5.98000000e+05		2.60216430e+32		1.20468138e+32		6.60355418e+13		 
6.00000000e+05		2.57140295e+32		1.21060632e+32		6.53757656e+13		 
6.02000000e+05		2.54100296e+32		1.21651134e+32		6.47237397e+13		 
6.04000000e+05		2.51096009e+32		1.22239650e+32		6.40793735e+13		 
6.06000000e+05		2.48127014e+32		1.22826184e+32		6.34425769e+13		 
6.08000000e+05		2.45192897e+32		1.23410740e+32		6.28132608e+13		 
6.10000000e+05		2.42293243e+32		1.23993323e+32		6.21913366e+13		 
6.12000000e+05		2.39427628e+32		1.24573942e+32		6.15777323e+13		 
6.14000000e+05		2.36595351e+32		1.25152661e+32		6.09824684e+13		 
6.16000000e+05		2.33795768e+32		1.25729538e+32		6.03940759e+13		 
6.18000000e+05		2.31028493e+32		1.26304576e+32		5.98124735e+13		 
6.20000000e+05		2.28293142e+32		1.26877779e+32		5.92375807e+13		 
6.22000000e+05		2.25589335e+32		1.27449153e+32		5.86693177e+13		 
6.24000000e+05		2.22916698e+32		1.28018702e+32		5.81076055e+13		 
6.26000000e+05		2.20274857e+32		1.28586431e+32		5.75523659e+13		 
6.28000000e+05		2.17663444e+32		1.29152346e+32		5.70035213e+13		 
6.30000000e+05		2.15082094e+32		1.29716450e+32		5.64609951e+13		 
6.32000000e+05		2.12530445e+32		1.30278750e+32		5.59247113e+13		 
6.34000000e+05		2.10008110e+32		1.30839257e+32		5.53965583e+13		 
6.36000000e+05		2.07514543e+32		1.31398021e+32		5.48797397e+13		 
6.38000000e+05		2.05049292e+32		1.31955069e+32		5.43687902e+13		 
6.40000000e+05		2.02612019e+32		1.32510408e+32		5.38636392e+13		 
6.42000000e+05		2.00202386e+32		1.33064041e+32		5.33642170e+13		 
6.44000000e+05		1.97820060e+32		1.33615975e+32		5.28704545e+13		 
6.46000000e+05		1.95464712e+32		1.34166214e+32		5.23822835e+13		 
6.48000000e+05		1.93136016e+32		1.34714764e+32		5.18996364e+13		 
6.50000000e+05		1.90833650e+32		1.35261631e+32		5.14224464e+13		 
6.52000000e+05		1.88557294e+32		1.35806819e+32		5.09506473e+13		 
6.54000000e+05		1.86306633e+32		1.36350335e+32		5.04841738e+13		 
6.56000000e+05		1.84081356e+32		1.36892184e+32		5.00229414e+13		 
6.58000000e+05		1.81881161e+32		1.37432370e+32		4.95665695e+13		 
6.60000000e+05		1.79705752e+32		1.37970897e+32		4.91153386e+13		 
6.62000000e+05		1.77554825e+32		1.38507771e+32		4.86691860e+13		 
6.64000000e+05		1.75428083e+32		1.39042997e+32		4.82280499e+13		 
6.66000000e+05		1.73325231e+32		1.39576582e+32		4.77918690e+13		 
6.68000000e+05		1.71245976e+32		1.40108532e+32		4.73605828e+13		 
6.70000000e+05		1.69190030e+32		1.40638853e+32		4.69341314e+13		 
6.72000000e+05		1.67157108e+32		1.41167551e+32		4.65124558e+13		 
6.74000000e+05		1.65146928e+32		1.41694633e+32		4.60954974e+13		 
6.76000000e+05		1.63159213e+32		1.42220104e+32		4.56831986e+13		 
6.78000000e+05		1.61193685e+32		1.42743971e+32		4.52755022e+13		 
6.80000000e+05		1.59250100e+32		1.43266233e+32		4.48708275e+13		 
6.82000000e+05		1.57328259e+32		1.43786878e+32		4.44695370e+13		 
6.84000000e+05		1.55427912e+32		1.44305906e+32		4.40727345e+13		 
6.86000000e+05		1.53548795e+32		1.44823326e+32		4.36803648e+13		 
6.88000000e+05		1.51690645e+32		1.45339144e+32		4.32923732e+13		 
6.90000000e+05		1.49853204e+32		1.45853366e+32		4.29087058e+13		 
6.92000000e+05		1.48036217e+32		1.46365999e+32		4.25293092e+13		 
6.94000000e+05		1.46239431e+32		1.46877050e+32		4.21541307e+13		 
6.96000000e+05		1.44462597e+32		1.47386526e+32		4.17831184e+13		 
6.98000000e+05		1.42705469e+32		1.47894435e+32		4.14162208e+13		 
7.00000000e+05		1.40967804e+32		1.48400781e+32		4.10533872e+13		 
7.02000000e+05		1.39249362e+32		1.48905573e+32		4.06945673e+13		 
7.04000000e+05		1.37549971e+32		1.49408799e+32		4.03364126e+13		 
7.06000000e+05		1.35869482e+32		1.49910438e+32		3.99817040e+13		 
7.08000000e+05		1.34207668e+32		1.50410496e+32		3.96309374e+13		 
7.10000000e+05		1.32564299e+32		1.50908981e+32		3.92840637e+13		 
7.12000000e+05		1.30939143e+32		1.51405899e+32		3.89410345e+13		 
7.14000000e+05		1.29331976e+32		1.51901259e+32		3.86018023e+13		 
7.16000000e+05		1.27742574e+32		1.52395067e+32		3.82663199e+13		 
7.18000000e+05		1.26170717e+32		1.52887331e+32		3.79345406e+13		 
7.20000000e+05		1.24616186e+32		1.53378058e+32		3.76064186e+13		 
7.22000000e+05		1.23078767e+32		1.53867256e+32		3.72819085e+13		 
7.24000000e+05		1.21558248e+32		1.54354932e+32		3.69609654e+13		 
7.26000000e+05		1.20054419e+32		1.54841093e+32		3.66435452e+13		 
7.28000000e+05		1.18567197e+32		1.55325707e+32		3.63234404e+13		 
7.30000000e+05		1.17096510e+32		1.55808736e+32		3.60065684e+13		 
7.32000000e+05		1.15642155e+32		1.56290188e+32		3.56932155e+13		 
7.34000000e+05		1.14203929e+32		1.56770069e+32		3.53833374e+13		 
7.36000000e+05		1.12781628e+32		1.57248389e+32		3.50768907e+13		 
7.38000000e+05		1.11375054e+32		1.57725156e+32		3.47738324e+13		 
7.40000000e+05		1.09984010e+32		1.58200377e+32		3.44741201e+13		 
7.42000000e+05		1.08608301e+32		1.58674061e+32		3.41777119e+13		 
7.44000000e+05		1.07247735e+32		1.59146216e+32		3.38845665e+13		 
7.46000000e+05		1.05902124e+32		1.59616849e+32		3.35946432e+13		 
7.48000000e+05		1.04571279e+32		1.60085969e+32		3.33079016e+13		 
7.50000000e+05		1.03255018e+32		1.60553584e+32		3.30243019e+13		 
7.52000000e+05		1.01953341e+32		1.61019636e+32		3.27343581e+13		 
7.54000000e+05		1.00666270e+32		1.61484059e+32		3.24470804e+13		 
7.56000000e+05		9.93936257e+31		1.61946859e+32		3.21630229e+13		 
7.58000000e+05		9.81352253e+31		1.62408047e+32		3.18821447e+13		 
7.60000000e+05		9.68908876e+31		1.62867632e+32		3.16044053e+13		 
7.62000000e+05		9.56604341e+31		1.63325621e+32		3.13297649e+13		 
7.64000000e+05		9.44436885e+31		1.63782026e+32		3.10581841e+13		 
7.66000000e+05		9.32404768e+31		1.64236854e+32		3.07896241e+13		 
7.68000000e+05		9.20506273e+31		1.64690114e+32		3.05240466e+13		 
7.70000000e+05		9.08739708e+31		1.65141817e+32		3.02614138e+13		 
7.72000000e+05		8.97103402e+31		1.65591970e+32		3.00016885e+13		 
7.74000000e+05		8.85595711e+31		1.66040583e+32		2.97448061e+13		 
7.76000000e+05		8.74216674e+31		1.66487598e+32		2.94821266e+13		 
7.78000000e+05		8.62966294e+31		1.66932961e+32		2.92224171e+13		 
7.80000000e+05		8.51842914e+31		1.67376680e+32		2.89656393e+13		 
7.82000000e+05		8.40844898e+31		1.67818767e+32		2.87117555e+13		 
7.84000000e+05		8.29970635e+31		1.68259231e+32		2.84607284e+13		 
7.86000000e+05		8.19218534e+31		1.68698082e+32		2.82125215e+13		 
7.88000000e+05		8.08587026e+31		1.69135331e+32		2.79670983e+13		 
7.90000000e+05		7.98074562e+31		1.69570986e+32		2.77244232e+13		 
7.92000000e+05		7.87679615e+31		1.70005058e+32		2.74844610e+13		 
7.94000000e+05		7.77400679e+31		1.70437557e+32		2.72471768e+13		 
7.96000000e+05		7.67236268e+31		1.70868492e+32		2.70125363e+13		 
7.98000000e+05		7.57185067e+31		1.71297867e+32		2.67793274e+13		 
8.00000000e+05		7.47247752e+31		1.71725599e+32		2.65392524e+13		 
8.02000000e+05		7.37424526e+31		1.72151626e+32		2.63019337e+13		 
8.04000000e+05		7.27713892e+31		1.72575959e+32		2.60673351e+13		 
8.06000000e+05		7.18114377e+31		1.72998610e+32		2.58354210e+13		 
8.08000000e+05		7.08624525e+31		1.73419590e+32		2.56061562e+13		 
8.10000000e+05		6.99242901e+31		1.73838909e+32		2.53795062e+13		 
8.12000000e+05		6.89968092e+31		1.74256579e+32		2.51554366e+13		 
8.14000000e+05		6.80798702e+31		1.74672610e+32		2.49339139e+13		 
8.16000000e+05		6.71733356e+31		1.75087014e+32		2.47149048e+13		 
8.18000000e+05		6.62770697e+31		1.75499802e+32		2.44983764e+13		 
8.20000000e+05		6.53909386e+31		1.75910983e+32		2.42842966e+13		 
8.22000000e+05		6.45148565e+31		1.76320547e+32		2.40688499e+13		 
8.24000000e+05		6.36489078e+31		1.76728404e+32		2.38502011e+13		 
8.26000000e+05		6.27930373e+31		1.77134526e+32		2.36340969e+13		 
8.28000000e+05		6.19471107e+31		1.77538928e+32		2.34205036e+13		 
8.30000000e+05		6.11109958e+31		1.77941620e+32		2.32093876e+13		 
8.32000000e+05		6.02845618e+31		1.78342614e+32		2.30007161e+13		 
8.34000000e+05		5.94676803e+31		1.78741923e+32		2.27944565e+13		 
8.36000000e+05		5.86602243e+31		1.79139559e+32		2.25905768e+13		 
8.38000000e+05		5.78620687e+31		1.79535533e+32		2.23890455e+13		 
8.40000000e+05		5.70730904e+31		1.79929856e+32		2.21898313e+13		 
8.42000000e+05		5.62931676e+31		1.80322541e+32		2.19929037e+13		 
8.44000000e+05		5.55221807e+31		1.80713599e+32		2.17982324e+13		 
8.46000000e+05		5.47601626e+31		1.81102964e+32		2.15966839e+13		 
8.48000000e+05		5.40071979e+31		1.81490542e+32		2.13959316e+13		 
8.50000000e+05		5.32631819e+31		1.81876338e+32		2.11975651e+13		 
8.52000000e+05		5.25279927e+31		1.82260365e+32		2.10015520e+13		 
8.54000000e+05		5.18015104e+31		1.82642636e+32		2.08078603e+13		 
8.56000000e+05		5.10836164e+31		1.83023164e+32		2.06164584e+13		 
8.58000000e+05		5.03741943e+31		1.83401963e+32		2.04273152e+13		 
8.60000000e+05		4.96731291e+31		1.83779044e+32		2.02404001e+13		 
8.62000000e+05		4.89803074e+31		1.84154422e+32		2.00556828e+13		 
8.64000000e+05		4.82956177e+31		1.84528108e+32		1.98731337e+13		 
8.66000000e+05		4.76189499e+31		1.84900116e+32		1.96927233e+13		 
8.68000000e+05		4.69502583e+31		1.85270423e+32		1.95096221e+13		 
8.70000000e+05		4.62896128e+31		1.85638943e+32		1.93252786e+13		 
8.72000000e+05		4.56369407e+31		1.86005667e+32		1.91431600e+13		 
8.74000000e+05		4.49921317e+31		1.86370610e+32		1.89632355e+13		 
8.76000000e+05		4.43550771e+31		1.86733786e+32		1.87854748e+13		 
8.78000000e+05		4.37256695e+31		1.87095209e+32		1.86098478e+13		 
8.80000000e+05		4.31038034e+31		1.87454892e+32		1.84363252e+13		 
8.82000000e+05		4.24893748e+31		1.87812849e+32		1.82648779e+13		 
8.84000000e+05		4.18822812e+31		1.88169094e+32		1.80954773e+13		 
8.86000000e+05		4.12824215e+31		1.88523640e+32		1.79280952e+13		 
8.88000000e+05		4.06896964e+31		1.88876500e+32		1.77627040e+13		 
8.90000000e+05		4.01040606e+31		1.89227656e+32		1.75945240e+13		 
8.92000000e+05		3.95256274e+31		1.89576993e+32		1.74234730e+13		 
8.94000000e+05		3.89543497e+31		1.89924494e+32		1.72545381e+13		 
8.96000000e+05		3.83901262e+31		1.90270172e+32		1.70876891e+13		 
8.98000000e+05		3.78328568e+31		1.90614045e+32		1.69228966e+13		 
9.00000000e+05		3.72824430e+31		1.90956126e+32		1.67601313e+13		 
9.02000000e+05		3.67387878e+31		1.91296430e+32		1.65993647e+13		 
9.04000000e+05		3.62017959e+31		1.91634973e+32		1.64405685e+13		 
9.06000000e+05		3.56713730e+31		1.91971768e+32		1.62837149e+13		 
9.08000000e+05		3.51474266e+31		1.92306830e+32		1.61287764e+13		 
9.10000000e+05		3.46298655e+31		1.92640174e+32		1.59757262e+13		 
9.12000000e+05		3.41186838e+31		1.92971759e+32		1.58185336e+13		 
9.14000000e+05		3.36139511e+31		1.93301495e+32		1.56608882e+13		 
9.16000000e+05		3.31155998e+31		1.93629381e+32		1.55052359e+13		 
9.18000000e+05		3.26235374e+31		1.93955433e+32		1.53515478e+13		 
9.20000000e+05		3.21376726e+31		1.94279667e+32		1.51997955e+13		 
9.22000000e+05		3.16579159e+31		1.94602100e+32		1.50499510e+13		 
9.24000000e+05		3.11841788e+31		1.94922747e+32		1.49019866e+13		 
9.26000000e+05		3.07163745e+31		1.95241622e+32		1.47558752e+13		 
9.28000000e+05		3.02544173e+31		1.95558743e+32		1.46115900e+13		 
9.30000000e+05		2.97982231e+31		1.95874123e+32		1.44691049e+13		 
9.32000000e+05		2.93477274e+31		1.96187765e+32		1.43266537e+13		 
9.34000000e+05		2.89029964e+31		1.96499580e+32		1.41793577e+13		 
9.36000000e+05		2.84640393e+31		1.96809518e+32		1.40339739e+13		 
9.38000000e+05		2.80307699e+31		1.97117596e+32		1.38904741e+13		 
9.40000000e+05		2.76031039e+31		1.97423832e+32		1.37488300e+13		 
9.42000000e+05		2.71809580e+31		1.97728241e+32		1.36090142e+13		 
9.44000000e+05		2.67642503e+31		1.98030842e+32		1.34709996e+13		 
9.46000000e+05		2.63529003e+31		1.98331650e+32		1.33347594e+13		 
9.48000000e+05		2.59468288e+31		1.98630682e+32		1.32002675e+13		 
9.50000000e+05		2.55459577e+31		1.98927953e+32		1.30674980e+13		 
9.52000000e+05		2.51502118e+31		1.99223479e+32		1.29363024e+13		 
9.54000000e+05		2.47596407e+31		1.99517181e+32		1.27987524e+13		 
9.56000000e+05		2.43742866e+31		1.99808986e+32		1.26630398e+13		 
9.58000000e+05		2.39940700e+31		2.00098912e+32		1.25291364e+13		 
9.60000000e+05		2.36189122e+31		2.00386976e+32		1.23970146e+13		 
9.62000000e+05		2.32487361e+31		2.00673196e+32		1.22666473e+13		 
9.64000000e+05		2.28834658e+31		2.00957591e+32		1.21380077e+13		 
9.66000000e+05		2.25230266e+31		2.01240178e+32		1.20110695e+13		 
9.68000000e+05		2.21673451e+31		2.01520974e+32		1.18858068e+13		 
9.70000000e+05		2.18163491e+31		2.01799997e+32		1.17621943e+13		 
9.72000000e+05		2.14699756e+31		2.02077256e+32		1.16394089e+13		 
9.74000000e+05		2.11282350e+31		2.02352703e+32		1.15141079e+13		 
9.76000000e+05		2.07911129e+31		2.02626311e+32		1.13905002e+13		 
9.78000000e+05		2.04585377e+31		2.02898097e+32		1.12685596e+13		 
9.80000000e+05		2.01304389e+31		2.03168080e+32		1.11482604e+13		 
9.82000000e+05		1.98067474e+31		2.03436277e+32		1.10295771e+13		 
9.84000000e+05		1.94873950e+31		2.03702705e+32		1.09124848e+13		 
9.86000000e+05		1.91723149e+31		2.03967383e+32		1.07969590e+13		 
9.88000000e+05		1.88614414e+31		2.04230328e+32		1.06829755e+13		 
9.90000000e+05		1.85547096e+31		2.04491556e+32		1.05705106e+13		 
9.92000000e+05		1.82520879e+31		2.04751056e+32		1.04562515e+13		 
9.94000000e+05		1.79536523e+31		2.05008726e+32		1.03392738e+13		 
9.96000000e+05		1.76593818e+31		2.05264545e+32		1.02239287e+13		 
9.98000000e+05		1.73692097e+31		2.05518532e+32		1.01101901e+13		 
1.00000000e+06		1.70830708e+31		2.05770706e+32		9.99803236e+12		 
1.00200000e+06		1.68009006e+31		2.06021086e+32		9.88743025e+12		 
1.00400000e+06		1.65226361e+31		2.06269690e+32		9.77835904e+12		 
1.00600000e+06		1.62482152e+31		2.06516538e+32		9.67079440e+12		 
1.00800000e+06		1.59775769e+31		2.06761646e+32		9.56471243e+12		 
1.01000000e+06		1.57106671e+31		2.07005029e+32		9.45949474e+12		 
1.01200000e+06		1.54475292e+31		2.07246608e+32		9.34938519e+12		 
1.01400000e+06		1.51881875e+31		2.07486325e+32		9.24086413e+12		 
1.01600000e+06		1.49325793e+31		2.07724200e+32		9.13390536e+12		 
1.01800000e+06		1.46806432e+31		2.07960253e+32		9.02848318e+12		 
1.02000000e+06		1.44323189e+31		2.08194504e+32		8.92457231e+12		 
1.02200000e+06		1.41875470e+31		2.08426972e+32		8.82214797e+12		 
1.02400000e+06		1.39462693e+31		2.08657678e+32		8.72118578e+12		 
1.02600000e+06		1.37084287e+31		2.08886640e+32		8.62166181e+12		 
1.02800000e+06		1.34739736e+31		2.09113872e+32		8.52305541e+12		 
1.03000000e+06		1.32429219e+31		2.09339322e+32		8.42132917e+12		 
1.03200000e+06		1.30152758e+31		2.09562952e+32		8.32110236e+12		 
1.03400000e+06		1.27909780e+31		2.09784782e+32		8.22234971e+12		 
1.03600000e+06		1.25699721e+31		2.10004833e+32		8.12504645e+12		 
1.03800000e+06		1.23522031e+31		2.10223125e+32		8.02916824e+12		 
1.04000000e+06		1.21376164e+31		2.10439677e+32		7.93469120e+12		 
1.04200000e+06		1.19261591e+31		2.10654510e+32		7.84159186e+12		 
1.04400000e+06		1.17177786e+31		2.10867642e+32		7.74984722e+12		 
1.04600000e+06		1.15124410e+31		2.11079075e+32		7.65750667e+12		 
1.04800000e+06		1.13101877e+31		2.11288732e+32		7.56278213e+12		 
1.05000000e+06		1.11110066e+31		2.11496591e+32		7.46949646e+12		 
1.05200000e+06		1.09148445e+31		2.11702673e+32		7.37762473e+12		 
1.05400000e+06		1.07216492e+31		2.11907000e+32		7.28714249e+12		 
1.05600000e+06		1.05313695e+31		2.12109592e+32		7.19802573e+12		 
1.05800000e+06		1.03439550e+31		2.12310469e+32		7.11025091e+12		 
1.06000000e+06		1.01593565e+31		2.12509652e+32		7.02379491e+12		 
1.06200000e+06		9.97752544e+30		2.12707160e+32		6.93863508e+12		 
1.06400000e+06		9.79846552e+30		2.12902957e+32		6.85068638e+12		 
1.06600000e+06		9.62219069e+30		2.13096995e+32		6.76363325e+12		 
1.06800000e+06		9.44865561e+30		2.13289292e+32		6.67793314e+12		 
1.07000000e+06		9.27781172e+30		2.13479867e+32		6.59356208e+12		 
1.07200000e+06		9.10961142e+30		2.13668743e+32		6.51049656e+12		 
1.07400000e+06		8.94400803e+30		2.13855941e+32		6.42871351e+12		 
1.07600000e+06		8.78095575e+30		2.14041480e+32		6.34819033e+12		 
1.07800000e+06		8.62040967e+30		2.14225380e+32		6.26890483e+12		 
1.08000000e+06		8.46236032e+30		2.14407623e+32		6.18767305e+12		 
1.08200000e+06		8.30683197e+30		2.14588147e+32		6.10635192e+12		 
1.08400000e+06		8.15379036e+30		2.14766963e+32		6.02633103e+12		 
1.08600000e+06		8.00319024e+30		2.14944091e+32		5.94758672e+12		 
1.08800000e+06		7.85498726e+30		2.15119553e+32		5.87009580e+12		 
1.09000000e+06		7.70913793e+30		2.15293370e+32		5.79383553e+12		 
1.09200000e+06		7.56559964e+30		2.15465562e+32		5.71878364e+12		 
1.09400000e+06		7.42433061e+30		2.15636152e+32		5.64491828e+12		 
1.09600000e+06		7.28532867e+30		2.15805110e+32		5.56876541e+12		 
1.09800000e+06		7.14861617e+30		2.15972381e+32		5.49281197e+12		 
1.10000000e+06		7.01415885e+30		2.16137976e+32		5.41811144e+12		 
1.10200000e+06		6.88191445e+30		2.16301917e+32		5.34464035e+12		 
1.10400000e+06		6.75184158e+30		2.16464227e+32		5.27237569e+12		 
1.10600000e+06		6.62389968e+30		2.16624926e+32		5.20129494e+12		 
1.10800000e+06		6.49804904e+30		2.16784036e+32		5.13137603e+12		 
1.11000000e+06		6.37425440e+30		2.16941574e+32		5.06216008e+12		 
1.11200000e+06		6.25252093e+30		2.17097503e+32		4.99122045e+12		 
1.11400000e+06		6.13284212e+30		2.17251805e+32		4.92147818e+12		 
1.11600000e+06		6.01517865e+30		2.17404502e+32		4.85291032e+12		 
1.11800000e+06		5.89949197e+30		2.17555614e+32		4.78549444e+12		 
1.12000000e+06		5.78574437e+30		2.17705165e+32		4.71920855e+12		 
1.12200000e+06		5.67389891e+30		2.17853175e+32		4.65403112e+12		 
1.12400000e+06		5.56391942e+30		2.17999665e+32		4.58994108e+12		 
1.12600000e+06		5.45579578e+30		2.18144621e+32		4.52443982e+12		 
1.12800000e+06		5.34954300e+30		2.18287997e+32		4.45896741e+12		 
1.13000000e+06		5.24513299e+30		2.18429804e+32		4.39463050e+12		 
1.13200000e+06		5.14252954e+30		2.18570062e+32		4.33140679e+12		 
1.13400000e+06		5.04169722e+30		2.18708796e+32		4.26927444e+12		 
1.13600000e+06		4.94260136e+30		2.18846025e+32		4.20821208e+12		 
1.13800000e+06		4.84520803e+30		2.18981772e+32		4.14819882e+12		 
1.14000000e+06		4.74949698e+30		2.19116038e+32		4.08757262e+12		 
1.14200000e+06		4.65548520e+30		2.19248775e+32		4.02639851e+12		 
1.14400000e+06		4.56315089e+30		2.19379987e+32		3.96631595e+12		 
1.14600000e+06		4.47246022e+30		2.19509697e+32		3.90730291e+12		 
1.14800000e+06		4.38338008e+30		2.19637926e+32		3.84933786e+12		 
1.15000000e+06		4.29587811e+30		2.19764697e+32		3.79239973e+12		 
1.15200000e+06		4.20992264e+30		2.19890030e+32		3.73646792e+12		 
1.15400000e+06		4.12549611e+30		2.20013928e+32		3.67992824e+12		 
1.15600000e+06		4.04260998e+30		2.20136348e+32		3.62312151e+12		 
1.15800000e+06		3.96124219e+30		2.20257299e+32		3.56735539e+12		 
1.16000000e+06		3.88136134e+30		2.20376804e+32		3.51260836e+12		 
1.16200000e+06		3.80293675e+30		2.20494883e+32		3.45885938e+12		 
1.16400000e+06		3.72593841e+30		2.20611559e+32		3.40608790e+12		 
1.16600000e+06		3.65033702e+30		2.20726853e+32		3.35427383e+12		 
1.16800000e+06		3.57752985e+30		2.20838591e+32		3.16874664e+12		 
1.17000000e+06		3.50925673e+30		2.20944036e+32		2.98070449e+12		 
1.17200000e+06		3.44465015e+30		2.21044458e+32		2.84936804e+12		 
1.17400000e+06		3.38306949e+30		2.21140789e+32		2.72418287e+12		 
1.17600000e+06		3.32409547e+30		2.21233636e+32		2.62930283e+12		 
1.17800000e+06		3.26731877e+30		2.21323599e+32		2.53964093e+12		 
1.18000000e+06		3.21264026e+30		2.21410793e+32		2.45329249e+12		 
1.18200000e+06		3.15983738e+30		2.21495539e+32		2.38296432e+12		 
1.18400000e+06		3.10868848e+30		2.21578159e+32		2.31571458e+12		 
1.18600000e+06		3.05913143e+30		2.21658722e+32		2.25055779e+12		 
1.18800000e+06		3.01109472e+30		2.21737315e+32		2.18983468e+12		 
1.19000000e+06		2.96442445e+30		2.21814165e+32		2.13651821e+12		 
1.19200000e+06		2.91902725e+30		2.21889398e+32		2.08465611e+12		 
1.19400000e+06		2.87486515e+30		2.21963055e+32		2.03420500e+12		 
1.19600000e+06		2.83189901e+30		2.22035177e+32		1.98541983e+12		 
1.19800000e+06		2.79003782e+30		2.22105896e+32		1.94265049e+12		 
1.20000000e+06		2.74920191e+30		2.22175324e+32		1.90092867e+12		 
1.20200000e+06		2.70936354e+30		2.22243491e+32		1.86022604e+12		 
1.20400000e+06		2.67049577e+30		2.22310423e+32		1.82051506e+12		 
1.20600000e+06		2.63256639e+30		2.22376157e+32		1.78260835e+12		 
1.20800000e+06		2.59551012e+30		2.22440788e+32		1.74803985e+12		 
1.21000000e+06		2.55928222e+30		2.22504378e+32		1.71424409e+12		 
1.21200000e+06		2.52386201e+30		2.22566947e+32		1.68120181e+12		 
1.21400000e+06		2.48922940e+30		2.22628514e+32		1.64889425e+12		 
1.21600000e+06		2.45536484e+30		2.22689100e+32		1.61730318e+12		 
1.21800000e+06		2.42222890e+30		2.22748759e+32		1.58842947e+12		 
1.22000000e+06		2.38978001e+30		2.22807553e+32		1.56035842e+12		 
1.22200000e+06		2.35800078e+30		2.22865498e+32		1.53286668e+12		 
1.22400000e+06		2.32687564e+30		2.22922612e+32		1.50594079e+12		 
1.22600000e+06		2.29638943e+30		2.22978906e+32		1.47956762e+12		 
1.22800000e+06		2.26652684e+30		2.23034399e+32		1.45380454e+12		 
1.23000000e+06		2.23725732e+30		2.23089133e+32		1.43003995e+12		 
1.23200000e+06		2.20855300e+30		2.23143149e+32		1.40673426e+12		 
1.23400000e+06		2.18040150e+30		2.23196459e+32		1.38387741e+12		 
1.23600000e+06		2.15279073e+30		2.23249075e+32		1.36145960e+12		 
1.23800000e+06		2.12570891e+30		2.23301007e+32		1.33947126e+12		 
1.24000000e+06		2.09914453e+30		2.23352267e+32		1.31790303e+12		 
1.24200000e+06		2.07308000e+30		2.23402878e+32		1.29749402e+12		 
1.24400000e+06		2.04749150e+30		2.23452876e+32		1.27780835e+12		 
1.24600000e+06		2.02236685e+30		2.23502276e+32		1.25847952e+12		 
1.24800000e+06		1.99769641e+30		2.23551086e+32		1.23950013e+12		 
1.25000000e+06		1.97347081e+30		2.23599315e+32		1.22086296e+12		 
1.25200000e+06		1.94968088e+30		2.23646973e+32		1.20256095e+12		 
1.25400000e+06		1.92631764e+30		2.23694067e+32		1.18458721e+12		 
1.25600000e+06		1.90336636e+30		2.23740619e+32		1.16758927e+12		 
1.25800000e+06		1.88081021e+30		2.23786654e+32		1.15101996e+12		 
1.26000000e+06		1.85864051e+30		2.23832181e+32		1.13473453e+12		 
1.26200000e+06		1.83684964e+30		2.23877207e+32		1.11872738e+12		 
1.26400000e+06		1.81543016e+30		2.23921741e+32		1.10299303e+12		 
1.26600000e+06		1.79437477e+30		2.23965788e+32		1.08752615e+12		 
1.26800000e+06		1.77367634e+30		2.24009356e+32		1.07232149e+12		 
1.27000000e+06		1.75332607e+30		2.24052455e+32		1.05766116e+12		 
1.27200000e+06		1.73330992e+30		2.24095108e+32		1.04353257e+12		 
1.27400000e+06		1.71361972e+30		2.24137324e+32		1.02963406e+12		 
1.27600000e+06		1.69424934e+30		2.24179110e+32		1.01596129e+12		 
1.27800000e+06		1.67519274e+30		2.24220472e+32		1.00251002e+12		 
1.28000000e+06		1.65644406e+30		2.24261414e+32		9.89276084e+11		 
1.28200000e+06		1.63799752e+30		2.24301944e+32		9.76255422e+11		 
1.28400000e+06		1.61984749e+30		2.24342065e+32		9.63444049e+11		 
1.28600000e+06		1.60198608e+30		2.24381790e+32		9.51132130e+11		 
1.28800000e+06		1.58440324e+30		2.24421134e+32		9.39143547e+11		 
1.29000000e+06		1.56709312e+30		2.24460103e+32		9.27340911e+11		 
1.29200000e+06		1.55005078e+30		2.24498703e+32		9.15720865e+11		 
1.29400000e+06		1.53327142e+30		2.24536938e+32		9.04280118e+11		 
1.29600000e+06		1.51675029e+30		2.24574813e+32		8.93015449e+11		 
1.29800000e+06		1.50048278e+30		2.24612332e+32		8.81923700e+11		 
1.30000000e+06		1.48446434e+30		2.24649501e+32		8.71001779e+11		 
1.30200000e+06		1.46868972e+30		2.24686325e+32		8.60378520e+11		 
1.30400000e+06		1.45315095e+30		2.24722817e+32		8.50098949e+11		 
1.30600000e+06		1.43784263e+30		2.24758985e+32		8.39971838e+11		 
1.30800000e+06		1.42276078e+30		2.24794832e+32		8.29994542e+11		 
1.31000000e+06		1.40790147e+30		2.24830362e+32		8.20164466e+11		 
1.31200000e+06		1.39326085e+30		2.24865580e+32		8.10479067e+11		 
1.31400000e+06		1.37883517e+30		2.24900488e+32		8.00935851e+11		 
1.31600000e+06		1.36462071e+30		2.24935091e+32		7.91532375e+11		 
1.31800000e+06		1.35061386e+30		2.24969393e+32		7.82266240e+11		 
1.32000000e+06		1.33680988e+30		2.25003400e+32		7.73293737e+11		 
1.32200000e+06		1.32320279e+30		2.25037121e+32		7.64527165e+11		 
1.32400000e+06		1.30978884e+30		2.25070562e+32		7.55885025e+11		 
1.32600000e+06		1.29656480e+30		2.25103726e+32		7.47365239e+11		 
1.32800000e+06		1.28352751e+30		2.25136615e+32		7.38965769e+11		 
1.33000000e+06		1.27067387e+30		2.25169233e+32		7.30684618e+11		 
1.33200000e+06		1.25800083e+30		2.25201583e+32		7.22519822e+11		 
1.33400000e+06		1.24550541e+30		2.25233669e+32		7.14469459e+11		 
1.33600000e+06		1.23318468e+30		2.25265493e+32		7.06531639e+11		 
1.33800000e+06		1.22103528e+30		2.25297059e+32		6.98785209e+11		 
1.34000000e+06		1.20905243e+30		2.25328376e+32		6.91242603e+11		 
1.34200000e+06		1.19723283e+30		2.25359448e+32		6.83802754e+11		 
1.34400000e+06		1.18557386e+30		2.25390278e+32		6.76464010e+11		 
1.34600000e+06		1.17407292e+30		2.25420869e+32		6.69224745e+11		 
1.34800000e+06		1.16272750e+30		2.25451223e+32		6.62083368e+11		 
1.35000000e+06		1.15153510e+30		2.25481342e+32		6.55038313e+11		 
1.35200000e+06		1.14049329e+30		2.25511230e+32		6.48088043e+11		 
1.35400000e+06		1.12959967e+30		2.25540889e+32		6.41231051e+11		 
1.35600000e+06		1.11885189e+30		2.25570321e+32		6.34465856e+11		 
1.35800000e+06		1.10824686e+30		2.25599531e+32		6.27892757e+11		 
1.36000000e+06		1.09778105e+30		2.25628526e+32		6.21438796e+11		 
1.36200000e+06		1.08745210e+30		2.25657307e+32		6.15069236e+11		 
1.36400000e+06		1.07725789e+30		2.25685878e+32		6.08782766e+11		 
1.36600000e+06		1.06719634e+30		2.25714240e+32		6.02578100e+11		 
1.36800000e+06		1.05726539e+30		2.25742395e+32		5.96453974e+11		 
1.37000000e+06		1.04746303e+30		2.25770347e+32		5.90409148e+11		 
1.37200000e+06		1.03778729e+30		2.25798096e+32		5.84442401e+11		 
1.37400000e+06		1.02823622e+30		2.25825646e+32		5.78552535e+11		 
1.37600000e+06		1.01880792e+30		2.25852998e+32		5.72738375e+11		 
1.37800000e+06		1.00950013e+30		2.25880155e+32		5.67057575e+11		 
1.38000000e+06		1.00030998e+30		2.25907123e+32		5.61492102e+11		 
1.38200000e+06		9.91235455e+29		2.25933905e+32		5.55996651e+11		 
1.38400000e+06		9.82274823e+29		2.25960501e+32		5.50570173e+11		 
1.38600000e+06		9.73426380e+29		2.25986914e+32		5.45211636e+11		 
1.38800000e+06		9.64688452e+29		2.26013146e+32		5.39920026e+11		 
1.39000000e+06		9.56059393e+29		2.26039199e+32		5.34694346e+11		 
1.39200000e+06		9.47537587e+29		2.26065075e+32		5.29533617e+11		 
1.39400000e+06		9.39121442e+29		2.26090775e+32		5.24436876e+11		 
1.39600000e+06		9.30809397e+29		2.26116300e+32		5.19403176e+11		 
1.39800000e+06		9.22599915e+29		2.26141654e+32		5.14431588e+11		 
1.40000000e+06		9.14490951e+29		2.26166839e+32		5.09591021e+11		 
1.40200000e+06		9.06480383e+29		2.26191859e+32		5.04817187e+11		 
1.40400000e+06		8.98566742e+29		2.26216716e+32		5.00101116e+11		 
1.40600000e+06		8.90748626e+29		2.26241411e+32		4.95441971e+11		 
1.40800000e+06		8.83024653e+29		2.26265947e+32		4.90838931e+11		 
1.41000000e+06		8.75393468e+29		2.26290323e+32		4.86291187e+11		 
1.41200000e+06		8.67853736e+29		2.26314543e+32		4.81797944e+11		 
1.41400000e+06		8.60404145e+29		2.26338607e+32		4.77358420e+11		 
1.41600000e+06		8.53043405e+29		2.26362518e+32		4.72971845e+11		 
1.41800000e+06		8.45770246e+29		2.26386276e+32		4.68637464e+11		 
1.42000000e+06		8.38583420e+29		2.26409883e+32		4.64354532e+11		 
1.42200000e+06		8.31479456e+29		2.26433348e+32		4.60457914e+11		 
1.42400000e+06		8.24452938e+29		2.26456687e+32		4.56738952e+11		 
1.42600000e+06		8.17502158e+29		2.26479902e+32		4.53060077e+11		 
1.42800000e+06		8.10626124e+29		2.26502995e+32		4.49420762e+11		 
1.43000000e+06		8.03823859e+29		2.26525968e+32		4.45820492e+11		 
1.43200000e+06		7.97094400e+29		2.26548820e+32		4.42258756e+11		 
1.43400000e+06		7.90436799e+29		2.26571554e+32		4.38735053e+11		 
1.43600000e+06		7.83850124e+29		2.26594170e+32		4.35248889e+11		 
1.43800000e+06		7.77333453e+29		2.26616668e+32		4.31799777e+11		 
1.44000000e+06		7.70885883e+29		2.26639051e+32		4.28387238e+11		 
1.44200000e+06		7.64506521e+29		2.26661319e+32		4.25010800e+11		 
1.44400000e+06		7.58194489e+29		2.26683473e+32		4.21669997e+11		 
1.44600000e+06		7.51948921e+29		2.26705515e+32		4.18364373e+11		 
1.44800000e+06		7.45768055e+29		2.26727447e+32		4.15236587e+11		 
1.45000000e+06		7.39649253e+29		2.26749278e+32		4.12203028e+11		 
1.45200000e+06		7.33591444e+29		2.26771010e+32		4.09199708e+11		 
1.45400000e+06		7.27593879e+29		2.26792643e+32		4.06226256e+11		 
1.45600000e+06		7.21655825e+29		2.26814178e+32		4.03282307e+11		 
1.45800000e+06		7.15776555e+29		2.26835617e+32		4.00367502e+11		 
1.46000000e+06		7.09955354e+29		2.26856959e+32		3.97481487e+11		 
1.46200000e+06		7.04191517e+29		2.26878205e+32		3.94623911e+11		 
1.46400000e+06		6.98484350e+29		2.26899357e+32		3.91794431e+11		 
1.46600000e+06		6.92833167e+29		2.26920415e+32		3.88992707e+11		 
1.46800000e+06		6.87237294e+29		2.26941379e+32		3.86218404e+11		 
1.47000000e+06		6.81696064e+29		2.26962251e+32		3.83471191e+11		 
1.47200000e+06		6.76208821e+29		2.26983031e+32		3.80750744e+11		 
1.47400000e+06		6.70774918e+29		2.27003720e+32		3.78056742e+11		 
1.47600000e+06		6.65393798e+29		2.27024318e+32		3.75372039e+11		 
1.47800000e+06		6.60065346e+29		2.27044825e+32		3.72668873e+11		 
1.48000000e+06		6.54789204e+29		2.27065239e+32		3.69992243e+11		 
1.48200000e+06		6.49564742e+29		2.27085562e+32		3.67341831e+11		 
1.48400000e+06		6.44391338e+29		2.27105793e+32		3.64717322e+11		 
1.48600000e+06		6.39268379e+29		2.27125935e+32		3.62118403e+11		 
1.48800000e+06		6.34195262e+29		2.27145987e+32		3.59544770e+11		 
1.49000000e+06		6.29171390e+29		2.27165950e+32		3.56996119e+11		 
1.49200000e+06		6.24196175e+29		2.27185826e+32		3.54472152e+11		 
1.49400000e+06		6.19269040e+29		2.27205614e+32		3.51972577e+11		 
1.49600000e+06		6.14389412e+29		2.27225315e+32		3.49497102e+11		 
1.49800000e+06		6.09556729e+29		2.27244930e+32		3.47045443e+11		 
1.50000000e+06		6.04770434e+29		2.27264460e+32		3.44617317e+11		 
1.50200000e+06		6.00029981e+29		2.27283905e+32		3.42212447e+11		 
1.50400000e+06		5.95334830e+29		2.27303267e+32		3.39830558e+11		 
1.50600000e+06		5.90684378e+29		2.27322545e+32		3.37483952e+11		 
1.50800000e+06		5.86077931e+29		2.27341741e+32		3.35167080e+11		 
1.51000000e+06		5.81514941e+29		2.27360857e+32		3.32872066e+11		 
1.51200000e+06		5.76994903e+29		2.27379892e+32		3.30598655e+11		 
1.51400000e+06		5.72517320e+29		2.27398847e+32		3.28346597e+11		 
1.51600000e+06		5.68081700e+29		2.27417723e+32		3.26115645e+11		 
1.51800000e+06		5.63687558e+29		2.27436521e+32		3.23905554e+11		 
1.52000000e+06		5.59334415e+29		2.27455241e+32		3.21716085e+11		 
1.52200000e+06		5.55021800e+29		2.27473883e+32		3.19547000e+11		 
1.52400000e+06		5.50749247e+29		2.27492448e+32		3.17398065e+11		 
1.52600000e+06		5.46516298e+29		2.27510938e+32		3.15269049e+11		 
1.52800000e+06		5.42322499e+29		2.27529351e+32		3.13159724e+11		 
1.53000000e+06		5.38167404e+29		2.27547690e+32		3.11069865e+11		 
1.53200000e+06		5.34050572e+29		2.27565954e+32		3.08999251e+11		 
1.53400000e+06		5.29971567e+29		2.27584143e+32		3.06947663e+11		 
1.53600000e+06		5.25930006e+29		2.27602260e+32		3.04904674e+11		 
1.53800000e+06		5.21925764e+29		2.27620302e+32		3.02851845e+11		 
1.54000000e+06		5.17958582e+29		2.27638269e+32		3.00818016e+11		 
1.54200000e+06		5.14028037e+29		2.27656162e+32		2.98802969e+11		 
1.54400000e+06		5.10133711e+29		2.27673982e+32		2.96806490e+11		 
1.54600000e+06		5.06275193e+29		2.27691728e+32		2.94828369e+11		 
1.54800000e+06		5.02452077e+29		2.27709402e+32		2.92868397e+11		 
1.55000000e+06		4.98663963e+29		2.27727005e+32		2.90926370e+11		 
1.55200000e+06		4.94910455e+29		2.27744535e+32		2.89002083e+11		 
1.55400000e+06		4.91191164e+29		2.27761995e+32		2.87095338e+11		 
1.55600000e+06		4.87505703e+29		2.27779385e+32		2.85205937e+11		 
1.55800000e+06		4.83853694e+29		2.27796705e+32		2.83333686e+11		 
1.56000000e+06		4.80234762e+29		2.27813955e+32		2.81478392e+11		 
1.56200000e+06		4.76648538e+29		2.27831137e+32		2.79639865e+11		 
1.56400000e+06		4.73094655e+29		2.27848250e+32		2.77817919e+11		 
1.56600000e+06		4.69572754e+29		2.27865296e+32		2.76012369e+11		 
1.56800000e+06		4.66082069e+29		2.27882276e+32		2.74307737e+11		 
1.57000000e+06		4.62621084e+29		2.27899197e+32		2.72678880e+11		 
1.57200000e+06		4.59189227e+29		2.27916061e+32		2.71063731e+11		 
1.57400000e+06		4.55786191e+29		2.27932867e+32		2.69462147e+11		 
1.57600000e+06		4.52411675e+29		2.27949617e+32		2.67873985e+11		 
1.57800000e+06		4.49065379e+29		2.27966311e+32		2.66299105e+11		 
1.58000000e+06		4.45747010e+29		2.27982948e+32		2.64737368e+11		 
1.58200000e+06		4.42456275e+29		2.27999531e+32		2.63188636e+11		 
1.58400000e+06		4.39192888e+29		2.28016058e+32		2.61652775e+11		 
1.58600000e+06		4.35956564e+29		2.28032530e+32		2.60129651e+11		 
1.58800000e+06		4.32747024e+29		2.28048948e+32		2.58619133e+11		 
1.59000000e+06		4.29563989e+29		2.28065312e+32		2.57121088e+11		 
1.59200000e+06		4.26407186e+29		2.28081622e+32		2.55635389e+11		 
1.59400000e+06		4.23276344e+29		2.28097878e+32		2.54161909e+11		 
1.59600000e+06		4.20171198e+29		2.28114082e+32		2.52700522e+11		 
1.59800000e+06		4.17091482e+29		2.28130233e+32		2.51251103e+11		 
1.60000000e+06		4.14036937e+29		2.28146332e+32		2.49813530e+11		 
1.60200000e+06		4.11007304e+29		2.28162379e+32		2.48387682e+11		 
1.60400000e+06		4.08002212e+29		2.28178375e+32		2.46995205e+11		 
1.60600000e+06		4.05021212e+29		2.28194322e+32		2.45620550e+11		 
1.60800000e+06		4.02064037e+29		2.28210219e+32		2.44256881e+11		 
1.61000000e+06		3.99130446e+29		2.28226068e+32		2.42904088e+11		 
1.61200000e+06		3.96220205e+29		2.28241868e+32		2.41562062e+11		 
1.61400000e+06		3.93333078e+29		2.28257620e+32		2.40230696e+11		 
1.61600000e+06		3.90468837e+29		2.28273324e+32		2.38909883e+11		 
1.61800000e+06		3.87627253e+29		2.28288981e+32		2.37599518e+11		 
1.62000000e+06		3.84808101e+29		2.28304590e+32		2.36299497e+11		 
1.62200000e+06		3.82011159e+29		2.28320152e+32		2.35009718e+11		 
1.62400000e+06		3.79236206e+29		2.28335668e+32		2.33730080e+11		 
1.62600000e+06		3.76483026e+29		2.28351138e+32		2.32460481e+11		 
1.62800000e+06		3.73751403e+29		2.28366561e+32		2.31200824e+11		 
1.63000000e+06		3.71041126e+29		2.28381939e+32		2.29951010e+11		 
1.63200000e+06		3.68351985e+29		2.28397271e+32		2.28710942e+11		 
1.63400000e+06		3.65683773e+29		2.28412558e+32		2.27480525e+11		 
1.63600000e+06		3.63036284e+29		2.28427800e+32		2.26259665e+11		 
1.63800000e+06		3.60409316e+29		2.28442998e+32		2.25048268e+11		 
1.64000000e+06		3.57802670e+29		2.28458151e+32		2.23846242e+11		 
1.64200000e+06		3.55216826e+29		2.28473257e+32		2.22521451e+11		 
1.64400000e+06		3.52652771e+29		2.28488307e+32		2.21162443e+11		 
1.64600000e+06		3.50110449e+29		2.28503303e+32		2.19814954e+11		 
1.64800000e+06		3.47589634e+29		2.28518243e+32		2.18478864e+11		 
1.65000000e+06		3.45090100e+29		2.28533128e+32		2.17154054e+11		 
1.65200000e+06		3.42611625e+29		2.28547960e+32		2.15840404e+11		 
1.65400000e+06		3.40153988e+29		2.28562737e+32		2.14537800e+11		 
1.65600000e+06		3.37716973e+29		2.28577461e+32		2.13246126e+11		 
1.65800000e+06		3.35300366e+29		2.28592132e+32		2.11965269e+11		 
1.66000000e+06		3.32903954e+29		2.28606750e+32		2.10695115e+11		 
1.66200000e+06		3.30527529e+29		2.28621316e+32		2.09435555e+11		 
1.66400000e+06		3.28170884e+29		2.28635829e+32		2.08186479e+11		 
1.66600000e+06		3.25833814e+29		2.28650291e+32		2.06947779e+11		 
1.66800000e+06		3.23516119e+29		2.28664702e+32		2.05719347e+11		 
1.67000000e+06		3.21217600e+29		2.28679061e+32		2.04501079e+11		 
1.67200000e+06		3.18938059e+29		2.28693370e+32		2.03292869e+11		 
1.67400000e+06		3.16677301e+29		2.28707628e+32		2.02094616e+11		 
1.67600000e+06		3.14435509e+29		2.28721834e+32		2.00806056e+11		 
1.67800000e+06		3.12214065e+29		2.28735978e+32		1.99410285e+11		 
1.68000000e+06		3.10013213e+29		2.28750057e+32		1.98027452e+11		 
1.68200000e+06		3.07832721e+29		2.28764072e+32		1.96657412e+11		 
1.68400000e+06		3.05672359e+29		2.28778023e+32		1.95300020e+11		 
1.68600000e+06		3.03531902e+29		2.28791911e+32		1.93955135e+11		 
1.68800000e+06		3.01411127e+29		2.28805736e+32		1.92622616e+11		 
1.69000000e+06		2.99309814e+29		2.28819499e+32		1.91302326e+11		 
1.69200000e+06		2.97227744e+29		2.28833200e+32		1.89994126e+11		 
1.69400000e+06		2.95164704e+29		2.28846840e+32		1.88697883e+11		 
1.69600000e+06		2.93120482e+29		2.28860418e+32		1.87413464e+11		 
1.69800000e+06		2.91094868e+29		2.28873937e+32		1.86140736e+11		 
1.70000000e+06		2.89087657e+29		2.28887395e+32		1.84879572e+11		 
1.70200000e+06		2.87098645e+29		2.28900794e+32		1.83629842e+11		 
1.70400000e+06		2.85127631e+29		2.28914133e+32		1.82391420e+11		 
1.70600000e+06		2.83174372e+29		2.28927414e+32		1.81176257e+11		 
1.70800000e+06		2.81238422e+29		2.28940639e+32		1.79999175e+11		 
1.71000000e+06		2.79319468e+29		2.28953809e+32		1.78832428e+11		 
1.71200000e+06		2.77417328e+29		2.28966924e+32		1.77675904e+11		 
1.71400000e+06		2.75531823e+29		2.28979985e+32		1.76529494e+11		 
1.71600000e+06		2.73662773e+29		2.28992992e+32		1.75393089e+11		 
1.71800000e+06		2.71810003e+29		2.29005946e+32		1.74266582e+11		 
1.72000000e+06		2.69973340e+29		2.29018846e+32		1.73149868e+11		 
1.72200000e+06		2.68152612e+29		2.29031694e+32		1.72042843e+11		 
1.72400000e+06		2.66347649e+29		2.29044489e+32		1.70945404e+11		 
1.72600000e+06		2.64558285e+29		2.29057233e+32		1.69857449e+11		 
1.72800000e+06		2.62784354e+29		2.29069925e+32		1.68778877e+11		 
1.73000000e+06		2.61025694e+29		2.29082565e+32		1.67709590e+11		 
1.73200000e+06		2.59282142e+29		2.29095155e+32		1.66649490e+11		 
1.73400000e+06		2.57553541e+29		2.29107694e+32		1.65598479e+11		 
1.73600000e+06		2.55839732e+29		2.29120183e+32		1.64556462e+11		 
1.73800000e+06		2.54140561e+29		2.29132622e+32		1.63523626e+11		 
1.74000000e+06		2.52455851e+29		2.29145011e+32		1.62503186e+11		 
1.74200000e+06		2.50785436e+29		2.29157352e+32		1.61491404e+11		 
1.74400000e+06		2.49129165e+29		2.29169644e+32		1.60488189e+11		 
1.74600000e+06		2.47486891e+29		2.29181888e+32		1.59493453e+11		 
1.74800000e+06		2.45858471e+29		2.29194084e+32		1.58507108e+11		 
1.75000000e+06		2.44243759e+29		2.29206232e+32		1.57529066e+11		 
1.75200000e+06		2.42642615e+29		2.29218334e+32		1.56559242e+11		 
1.75400000e+06		2.41054898e+29		2.29230388e+32		1.55597551e+11		 
1.75600000e+06		2.39480470e+29		2.29242396e+32		1.54643910e+11		 
1.75800000e+06		2.37919195e+29		2.29254357e+32		1.53698235e+11		 
1.76000000e+06		2.36370937e+29		2.29266272e+32		1.52760444e+11		 
1.76200000e+06		2.34835563e+29		2.29278142e+32		1.51830458e+11		 
1.76400000e+06		2.33312942e+29		2.29289967e+32		1.50908196e+11		 
1.76600000e+06		2.31802943e+29		2.29301746e+32		1.49993580e+11		 
1.76800000e+06		2.30305438e+29		2.29313480e+32		1.49086531e+11		 
1.77000000e+06		2.28820299e+29		2.29325170e+32		1.48186972e+11		 
1.77200000e+06		2.27347407e+29		2.29336816e+32		1.47293170e+11		 
1.77400000e+06		2.25886697e+29		2.29348418e+32		1.46397463e+11		 
1.77600000e+06		2.24438088e+29		2.29359975e+32		1.45509176e+11		 
1.77800000e+06		2.23001458e+29		2.29371488e+32		1.44628234e+11		 
1.78000000e+06		2.21576684e+29		2.29382957e+32		1.43754562e+11		 
1.78200000e+06		2.20163646e+29		2.29394382e+32		1.42888088e+11		 
1.78400000e+06		2.18762226e+29		2.29405764e+32		1.42028737e+11		 
1.78600000e+06		2.17372307e+29		2.29417104e+32		1.41176438e+11		 
1.78800000e+06		2.15993771e+29		2.29428400e+32		1.40331120e+11		 
1.79000000e+06		2.14626506e+29		2.29439654e+32		1.39492712e+11		 
1.79200000e+06		2.13270396e+29		2.29450866e+32		1.38661146e+11		 
1.79400000e+06		2.11925331e+29		2.29462036e+32		1.37836352e+11		 
1.79600000e+06		2.10591200e+29		2.29473165e+32		1.37018262e+11		 
1.79800000e+06		2.09267893e+29		2.29484252e+32		1.36206810e+11		 
1.80000000e+06		2.07955302e+29		2.29495298e+32		1.35401930e+11		 
1.80200000e+06		2.06653321e+29		2.29506304e+32		1.34603555e+11		 
1.80400000e+06		2.05361845e+29		2.29517268e+32		1.33811621e+11		 
1.80600000e+06		2.04080768e+29		2.29528193e+32		1.33026065e+11		 
1.80800000e+06		2.02809471e+29		2.29539082e+32		1.32365033e+11		 
1.81000000e+06		2.01547046e+29		2.29549943e+32		1.31740770e+11		 
1.81200000e+06		2.00293311e+29		2.29560777e+32		1.31120806e+11		 
1.81400000e+06		1.99048191e+29		2.29571583e+32		1.30505101e+11		 
1.81600000e+06		1.97811612e+29		2.29582362e+32		1.29893620e+11		 
1.81800000e+06		1.96583499e+29		2.29593115e+32		1.29286326e+11		 
1.82000000e+06		1.95363779e+29		2.29603841e+32		1.28683181e+11		 
1.82200000e+06		1.94152379e+29		2.29614541e+32		1.28084151e+11		 
1.82400000e+06		1.92949229e+29		2.29625214e+32		1.27489201e+11		 
1.82600000e+06		1.91754256e+29		2.29635861e+32		1.26898294e+11		 
1.82800000e+06		1.90567391e+29		2.29646482e+32		1.26311396e+11		 
1.83000000e+06		1.89388563e+29		2.29657077e+32		1.25728472e+11		 
1.83200000e+06		1.88217705e+29		2.29667646e+32		1.25149490e+11		 
1.83400000e+06		1.87054748e+29		2.29678190e+32		1.24574414e+11		 
1.83600000e+06		1.85899624e+29		2.29688708e+32		1.24003212e+11		 
1.83800000e+06		1.84752266e+29		2.29699201e+32		1.23435851e+11		 
1.84000000e+06		1.83612610e+29		2.29709669e+32		1.22872297e+11		 
1.84200000e+06		1.82480588e+29		2.29720111e+32		1.22312519e+11		 
1.84400000e+06		1.81356137e+29		2.29730529e+32		1.21756485e+11		 
1.84600000e+06		1.80239192e+29		2.29740922e+32		1.21204162e+11		 
1.84800000e+06		1.79129690e+29		2.29751290e+32		1.20655520e+11		 
1.85000000e+06		1.78027568e+29		2.29761634e+32		1.20110527e+11		 
1.85200000e+06		1.76932787e+29		2.29771953e+32		1.19561563e+11		 
1.85400000e+06		1.75845425e+29		2.29782246e+32		1.18998209e+11		 
1.85600000e+06		1.74765488e+29		2.29792513e+32		1.18438702e+11		 
1.85800000e+06		1.73692914e+29		2.29802754e+32		1.17883010e+11		 
1.86000000e+06		1.72627638e+29		2.29812969e+32		1.17331098e+11		 
1.86200000e+06		1.71569599e+29		2.29823158e+32		1.16782936e+11		 
1.86400000e+06		1.70518733e+29		2.29833321e+32		1.16238490e+11		 
1.86600000e+06		1.69474980e+29		2.29843458e+32		1.15697730e+11		 
1.86800000e+06		1.68438280e+29		2.29853571e+32		1.15160623e+11		 
1.87000000e+06		1.67408571e+29		2.29863657e+32		1.14627139e+11		 
1.87200000e+06		1.66385795e+29		2.29873719e+32		1.14097246e+11		 
1.87400000e+06		1.65369893e+29		2.29883755e+32		1.13570915e+11		 
1.87600000e+06		1.64360806e+29		2.29893767e+32		1.13048115e+11		 
1.87800000e+06		1.63358476e+29		2.29903754e+32		1.12528815e+11		 
1.88000000e+06		1.62362847e+29		2.29913716e+32		1.12012988e+11		 
1.88200000e+06		1.61373863e+29		2.29923654e+32		1.11500602e+11		 
1.88400000e+06		1.60391466e+29		2.29933567e+32		1.10991630e+11		 
1.88600000e+06		1.59415602e+29		2.29943457e+32		1.10486042e+11		 
1.88800000e+06		1.58446216e+29		2.29953322e+32		1.09983810e+11		 
1.89000000e+06		1.57483253e+29		2.29963163e+32		1.09484907e+11		 
1.89200000e+06		1.56526660e+29		2.29972980e+32		1.08989303e+11		 
1.89400000e+06		1.55576384e+29		2.29982774e+32		1.08496972e+11		 
1.89600000e+06		1.54632371e+29		2.29992544e+32		1.08007886e+11		 
1.89800000e+06		1.53694604e+29		2.30002290e+32		1.07513386e+11		 
1.90000000e+06		1.52763087e+29		2.30012012e+32		1.07019603e+11		 
1.90200000e+06		1.51837773e+29		2.30021709e+32		1.06529109e+11		 
1.90400000e+06		1.50918612e+29		2.30031383e+32		1.06041876e+11		 
1.90600000e+06		1.50005552e+29		2.30041033e+32		1.05557877e+11		 
1.90800000e+06		1.49098541e+29		2.30050658e+32		1.05077084e+11		 
1.91000000e+06		1.48197528e+29		2.30060261e+32		1.04599472e+11		 
1.91200000e+06		1.47302465e+29		2.30069839e+32		1.04125013e+11		 
1.91400000e+06		1.46413302e+29		2.30079394e+32		1.03653681e+11		 
1.91600000e+06		1.45529988e+29		2.30088926e+32		1.03185450e+11		 
1.91800000e+06		1.44652477e+29		2.30098435e+32		1.02720295e+11		 
1.92000000e+06		1.43780719e+29		2.30107920e+32		1.02258190e+11		 
1.92200000e+06		1.42914667e+29		2.30117383e+32		1.01799109e+11		 
1.92400000e+06		1.42054274e+29		2.30126823e+32		1.01343029e+11		 
1.92600000e+06		1.41199494e+29		2.30136240e+32		1.00889923e+11		 
1.92800000e+06		1.40350280e+29		2.30145635e+32		1.00439768e+11		 
1.93000000e+06		1.39506586e+29		2.30155007e+32		9.99925385e+10		 
1.93200000e+06		1.38668367e+29		2.30164357e+32		9.95482118e+10		 
1.93400000e+06		1.37835578e+29		2.30173684e+32		9.91067634e+10		 
1.93600000e+06		1.37008175e+29		2.30182990e+32		9.86681700e+10		 
1.93800000e+06		1.36186114e+29		2.30192273e+32		9.82324082e+10		 
1.94000000e+06		1.35369351e+29		2.30201535e+32		9.77994548e+10		 
1.94200000e+06		1.34557843e+29		2.30210775e+32		9.73692870e+10		 
1.94400000e+06		1.33751592e+29		2.30219993e+32		9.69290152e+10		 
1.94600000e+06		1.32950651e+29		2.30229187e+32		9.64856140e+10		 
1.94800000e+06		1.32154990e+29		2.30238359e+32		9.60451367e+10		 
1.95000000e+06		1.31364568e+29		2.30247507e+32		9.56075590e+10		 
1.95200000e+06		1.30579340e+29		2.30256633e+32		9.51728569e+10		 
1.95400000e+06		1.29799263e+29		2.30265735e+32		9.47410066e+10		 
1.95600000e+06		1.29024296e+29		2.30274815e+32		9.43119846e+10		 
1.95800000e+06		1.28254395e+29		2.30283873e+32		9.38857675e+10		 
1.96000000e+06		1.27489519e+29		2.30292908e+32		9.34623324e+10		 
1.96200000e+06		1.26729627e+29		2.30301920e+32		9.30416563e+10		 
1.96400000e+06		1.25974678e+29		2.30310911e+32		9.26237166e+10		 
1.96600000e+06		1.25224631e+29		2.30319879e+32		9.22084910e+10		 
1.96800000e+06		1.24479447e+29		2.30328825e+32		9.17959571e+10		 
1.97000000e+06		1.23739085e+29		2.30337750e+32		9.13860932e+10		 
1.97200000e+06		1.23003507e+29		2.30346653e+32		9.09788773e+10		 
1.97400000e+06		1.22272674e+29		2.30355534e+32		9.05742880e+10		 
1.97600000e+06		1.21546546e+29		2.30364393e+32		9.01723039e+10		 
1.97800000e+06		1.20825086e+29		2.30373231e+32		8.97729038e+10		 
1.98000000e+06		1.20108257e+29		2.30382048e+32		8.93760670e+10		 
1.98200000e+06		1.19396019e+29		2.30390844e+32		8.89817725e+10		 
1.98400000e+06		1.18688337e+29		2.30399618e+32		8.85899999e+10		 
1.98600000e+06		1.17985174e+29		2.30408372e+32		8.82007289e+10		 
1.98800000e+06		1.17286493e+29		2.30417105e+32		8.78139393e+10		 
1.99000000e+06		1.16592275e+29		2.30425817e+32		8.74236537e+10		 
1.99200000e+06		1.15902544e+29		2.30434507e+32		8.70300429e+10		 
1.99400000e+06		1.15217281e+29		2.30443175e+32		8.66389813e+10		 
1.99600000e+06		1.14536448e+29		2.30451822e+32		8.62504481e+10		 
1.99800000e+06		1.13860011e+29		2.30460448e+32		8.58644228e+10		 
2.00000000e+06		1.13187932e+29		2.30469052e+32		8.54808852e+10		 
2.00200000e+06		1.12520176e+29		2.30477635e+32		8.50998149e+10		 
2.00400000e+06		1.11856710e+29		2.30486196e+32		8.47211922e+10		 
2.00600000e+06		1.11197497e+29		2.30494737e+32		8.43449971e+10		 
2.00800000e+06		1.10542505e+29		2.30503257e+32		8.39712102e+10		 
2.01000000e+06		1.09891698e+29		2.30511756e+32		8.35998120e+10		 
2.01200000e+06		1.09245044e+29		2.30520234e+32		8.32307834e+10		 
2.01400000e+06		1.08602508e+29		2.30528692e+32		8.28641053e+10		 
2.01600000e+06		1.07964058e+29		2.30537129e+32		8.24997588e+10		 
2.01800000e+06		1.07329661e+29		2.30545546e+32		8.21377255e+10		 
2.02000000e+06		1.06699286e+29		2.30553942e+32		8.17779866e+10		 
2.02200000e+06		1.06072898e+29		2.30562319e+32		8.14205241e+10		 
2.02400000e+06		1.05450468e+29		2.30570675e+32		8.10653196e+10		 
2.02600000e+06		1.04831963e+29		2.30579011e+32		8.07123553e+10		 
2.02800000e+06		1.04217353e+29		2.30587328e+32		8.03616135e+10		 
2.03000000e+06		1.03606606e+29		2.30595624e+32		8.00130763e+10		 
2.03200000e+06		1.02999692e+29		2.30603902e+32		7.96667265e+10		 
2.03400000e+06		1.02396580e+29		2.30612159e+32		7.93225467e+10		 
2.03600000e+06		1.01797241e+29		2.30620397e+32		7.89805198e+10		 
2.03800000e+06		1.01201688e+29		2.30628615e+32		7.86291516e+10		 
2.04000000e+06		1.00609937e+29		2.30636813e+32		7.82794185e+10		 
2.04200000e+06		1.00021959e+29		2.30644990e+32		7.79319156e+10		 
2.04400000e+06		9.94377243e+28		2.30653147e+32		7.75866249e+10		 
2.04600000e+06		9.88572030e+28		2.30661284e+32		7.72435288e+10		 
2.04800000e+06		9.82803653e+28		2.30669400e+32		7.69026098e+10		 
2.05000000e+06		9.77071820e+28		2.30677497e+32		7.65638505e+10		 
2.05200000e+06		9.71376238e+28		2.30685574e+32		7.62272338e+10		 
2.05400000e+06		9.65716622e+28		2.30693631e+32		7.58927427e+10		 
2.05600000e+06		9.60092685e+28		2.30701668e+32		7.55603602e+10		 
2.05800000e+06		9.54504144e+28		2.30709686e+32		7.52300698e+10		 
2.06000000e+06		9.48950721e+28		2.30717684e+32		7.49018548e+10		 
2.06200000e+06		9.43432137e+28		2.30725663e+32		7.45756990e+10		 
2.06400000e+06		9.37948119e+28		2.30733622e+32		7.42515859e+10		 
2.06600000e+06		9.32498393e+28		2.30741563e+32		7.39294996e+10		 
2.06800000e+06		9.27082691e+28		2.30749484e+32		7.36094242e+10		 
2.07000000e+06		9.21700746e+28		2.30757386e+32		7.32913438e+10		 
2.07200000e+06		9.16352293e+28		2.30765270e+32		7.29752429e+10		 
2.07400000e+06		9.11037070e+28		2.30773134e+32		7.26611059e+10		 
2.07600000e+06		9.05754818e+28		2.30780980e+32		7.23489175e+10		 
2.07800000e+06		9.00505278e+28		2.30788807e+32		7.20386625e+10		 
2.08000000e+06		8.95288198e+28		2.30796616e+32		7.17303259e+10		 
2.08200000e+06		8.90103323e+28		2.30804406e+32		7.14238926e+10		 
2.08400000e+06		8.84950444e+28		2.30812178e+32		7.11177645e+10		 
2.08600000e+06		8.79829779e+28		2.30819931e+32		7.08031578e+10		 
2.08800000e+06		8.74741430e+28		2.30827665e+32		7.04905365e+10		 
2.09000000e+06		8.69685141e+28		2.30835379e+32		7.01798850e+10		 
2.09200000e+06		8.64660659e+28		2.30843074e+32		6.98711877e+10		 
2.09400000e+06		8.59667734e+28		2.30850750e+32		6.95644291e+10		 
2.09600000e+06		8.54706117e+28		2.30858406e+32		6.92595941e+10		 
2.09800000e+06		8.49775563e+28		2.30866044e+32		6.89566676e+10		 
2.10000000e+06		8.44875827e+28		2.30873663e+32		6.86556344e+10		 
2.10200000e+06		8.40006668e+28		2.30881263e+32		6.83564799e+10		 
2.10400000e+06		8.35167846e+28		2.30888844e+32		6.80591893e+10		 
2.10600000e+06		8.30359126e+28		2.30896407e+32		6.77637480e+10		 
2.10800000e+06		8.25580271e+28		2.30903951e+32		6.74701417e+10		 
2.11000000e+06		8.20831050e+28		2.30911477e+32		6.71783560e+10		 
2.11200000e+06		8.16111232e+28		2.30918985e+32		6.68883768e+10		 
2.11400000e+06		8.11420589e+28		2.30926475e+32		6.66001901e+10		 
2.11600000e+06		8.06758894e+28		2.30933946e+32		6.63137819e+10		 
2.11800000e+06		8.02125924e+28		2.30941399e+32		6.60291384e+10		 
2.12000000e+06		7.97521456e+28		2.30948835e+32		6.57462462e+10		 
2.12200000e+06		7.92945269e+28		2.30956252e+32		6.54650915e+10		 
2.12400000e+06		7.88397148e+28		2.30963652e+32		6.51856611e+10		 
2.12600000e+06		7.83876874e+28		2.30971034e+32		6.49079416e+10		 
2.12800000e+06		7.79384234e+28		2.30978399e+32		6.46319199e+10		 
2.13000000e+06		7.74919016e+28		2.30985746e+32		6.43575830e+10		 
2.13200000e+06		7.70481037e+28		2.30993075e+32		6.40837724e+10		 
2.13400000e+06		7.66070370e+28		2.31000387e+32		6.38053662e+10		 
2.13600000e+06		7.61687005e+28		2.31007681e+32		6.35286835e+10		 
2.13800000e+06		7.57330731e+28		2.31014956e+32		6.32537108e+10		 
2.14000000e+06		7.53001339e+28		2.31022214e+32		6.29804348e+10		 
2.14200000e+06		7.48698621e+28		2.31029454e+32		6.27088426e+10		 
2.14400000e+06		7.44422370e+28		2.31036677e+32		6.24389210e+10		 
2.14600000e+06		7.40172384e+28		2.31043881e+32		6.21706572e+10		 
2.14800000e+06		7.35948460e+28		2.31051068e+32		6.19040386e+10		 
2.15000000e+06		7.31750397e+28		2.31058238e+32		6.16390523e+10		 
2.15200000e+06		7.27577998e+28		2.31065390e+32		6.13756859e+10		 
2.15400000e+06		7.23431066e+28		2.31072525e+32		6.11139270e+10		 
2.15600000e+06		7.19309406e+28		2.31079643e+32		6.08537634e+10		 
2.15800000e+06		7.15212824e+28		2.31086744e+32		6.05951827e+10		 
2.16000000e+06		7.11141130e+28		2.31093827e+32		6.03381730e+10		 
2.16200000e+06		7.07094135e+28		2.31100894e+32		6.00827222e+10		 
2.16400000e+06		7.03071649e+28		2.31107944e+32		5.98288185e+10		 
2.16600000e+06		6.99073488e+28		2.31114977e+32		5.95764502e+10		 
2.16800000e+06		6.95099466e+28		2.31121994e+32		5.93256057e+10		 
2.17000000e+06		6.91149401e+28		2.31128993e+32		5.90762733e+10		 
2.17200000e+06		6.87223112e+28		2.31135977e+32		5.88284416e+10		 
2.17400000e+06		6.83320419e+28		2.31142943e+32		5.85820994e+10		 
2.17600000e+06		6.79441144e+28		2.31149894e+32		5.83372354e+10		 
2.17800000e+06		6.75585111e+28		2.31156828e+32		5.80938384e+10		 
2.18000000e+06		6.71752145e+28		2.31163746e+32		5.78518974e+10		 
2.18200000e+06		6.67942451e+28		2.31170647e+32		5.75984804e+10		 
2.18400000e+06		6.64156522e+28		2.31177530e+32		5.73421077e+10		 
2.18600000e+06		6.60394274e+28		2.31184395e+32		5.70873386e+10		 
2.18800000e+06		6.56655523e+28		2.31191243e+32		5.68341606e+10		 
2.19000000e+06		6.52940084e+28		2.31198072e+32		5.65825613e+10		 
2.19200000e+06		6.49247779e+28		2.31204883e+32		5.63325284e+10		 
2.19400000e+06		6.45578426e+28		2.31211677e+32		5.60840499e+10		 
2.19600000e+06		6.41931848e+28		2.31218453e+32		5.58371137e+10		 
2.19800000e+06		6.38307870e+28		2.31225212e+32		5.55917078e+10		 
2.20000000e+06		6.34706316e+28		2.31231953e+32		5.53478204e+10		 
2.20200000e+06		6.31127014e+28		2.31238677e+32		5.51054399e+10		 
2.20400000e+06		6.27569793e+28		2.31245384e+32		5.48645546e+10		 
2.20600000e+06		6.24034482e+28		2.31252074e+32		5.46251531e+10		 
2.20800000e+06		6.20520914e+28		2.31258746e+32		5.43872238e+10		 
2.21000000e+06		6.17028922e+28		2.31265402e+32		5.41507557e+10		 
2.21200000e+06		6.13558340e+28		2.31272040e+32		5.39157374e+10		 
2.21400000e+06		6.10109006e+28		2.31278662e+32		5.36821579e+10		 
2.21600000e+06		6.06680756e+28		2.31285267e+32		5.34500062e+10		 
2.21800000e+06		6.03273430e+28		2.31291855e+32		5.32192714e+10		 
2.22000000e+06		5.99886868e+28		2.31298427e+32		5.29899428e+10		 
2.22200000e+06		5.96520914e+28		2.31304983e+32		5.27620095e+10		 
2.22400000e+06		5.93175410e+28		2.31311521e+32		5.25354612e+10		 
2.22600000e+06		5.89850202e+28		2.31318044e+32		5.23102872e+10		 
2.22800000e+06		5.86545135e+28		2.31324550e+32		5.20864771e+10		 
2.23000000e+06		5.83261417e+28		2.31331038e+32		5.18205296e+10		 
2.23200000e+06		5.80000333e+28		2.31337504e+32		5.15546862e+10		 
2.23400000e+06		5.76761728e+28		2.31343948e+32		5.12906754e+10		 
2.23600000e+06		5.73545414e+28		2.31350371e+32		5.10284817e+10		 
2.23800000e+06		5.70351203e+28		2.31356772e+32		5.07680898e+10		 
2.24000000e+06		5.67178910e+28		2.31363152e+32		5.05094846e+10		 
2.24200000e+06		5.64028350e+28		2.31369511e+32		5.02526512e+10		 
2.24400000e+06		5.60899342e+28		2.31375849e+32		4.99975747e+10		 
2.24600000e+06		5.57791707e+28		2.31382166e+32		4.97442404e+10		 
2.24800000e+06		5.54705264e+28		2.31388462e+32		4.94926338e+10		 
2.25000000e+06		5.51639838e+28		2.31394738e+32		4.92427405e+10		 
2.25200000e+06		5.48595254e+28		2.31400993e+32		4.89945462e+10		 
2.25400000e+06		5.45571338e+28		2.31407228e+32		4.87480368e+10		 
2.25600000e+06		5.42567920e+28		2.31413442e+32		4.85031983e+10		 
2.25800000e+06		5.39584828e+28		2.31419636e+32		4.82600168e+10		 
2.26000000e+06		5.36621896e+28		2.31425810e+32		4.80184788e+10		 
2.26200000e+06		5.33678956e+28		2.31431964e+32		4.77785705e+10		 
2.26400000e+06		5.30755843e+28		2.31438098e+32		4.75402785e+10		 
2.26600000e+06		5.27852394e+28		2.31444213e+32		4.73035895e+10		 
2.26800000e+06		5.24968447e+28		2.31450308e+32		4.70684903e+10		 
2.27000000e+06		5.22103876e+28		2.31456383e+32		4.68332974e+10		 
2.27200000e+06		5.19258678e+28		2.31462438e+32		4.65973202e+10		 
2.27400000e+06		5.16432749e+28		2.31468473e+32		4.63629410e+10		 
2.27600000e+06		5.13625928e+28		2.31474489e+32		4.61301467e+10		 
2.27800000e+06		5.10838057e+28		2.31480485e+32		4.58989242e+10		 
2.28000000e+06		5.08068982e+28		2.31486461e+32		4.56692604e+10		 
2.28200000e+06		5.05318546e+28		2.31492418e+32		4.54411426e+10		 
2.28400000e+06		5.02586596e+28		2.31498356e+32		4.52145581e+10		 
2.28600000e+06		4.99872981e+28		2.31504274e+32		4.49894941e+10		 
2.28800000e+06		4.97177551e+28		2.31510173e+32		4.47659384e+10		 
2.29000000e+06		4.94500155e+28		2.31516054e+32		4.45438785e+10		 
2.29200000e+06		4.91840647e+28		2.31521915e+32		4.43233021e+10		 
2.29400000e+06		4.89198881e+28		2.31527758e+32		4.41041973e+10		 
2.29600000e+06		4.86574711e+28		2.31533582e+32		4.38865519e+10		 
2.29800000e+06		4.83967995e+28		2.31539387e+32		4.36703540e+10		 
2.30000000e+06		4.81378591e+28		2.31545173e+32		4.34555920e+10		 
2.30200000e+06		4.78806357e+28		2.31550942e+32		4.32422541e+10		 
2.30400000e+06		4.76251155e+28		2.31556692e+32		4.30303287e+10		 
2.30600000e+06		4.73712847e+28		2.31562424e+32		4.28198045e+10		 
2.30800000e+06		4.71191296e+28		2.31568137e+32		4.26106702e+10		 
2.31000000e+06		4.68686366e+28		2.31573833e+32		4.24029144e+10		 
2.31200000e+06		4.66197618e+28		2.31579511e+32		4.22121142e+10		 
2.31400000e+06		4.63723643e+28		2.31585176e+32		4.20401461e+10		 
2.31600000e+06		4.61263970e+28		2.31590826e+32		4.18691721e+10		 
2.31800000e+06		4.58818493e+28		2.31596464e+32		4.16991849e+10		 
2.32000000e+06		4.56387112e+28		2.31602089e+32		4.15301774e+10		 
2.32200000e+06		4.53969723e+28		2.31607700e+32		4.13621427e+10		 
2.32400000e+06		4.51566228e+28		2.31613298e+32		4.11950736e+10		 
2.32600000e+06		4.49176524e+28		2.31618884e+32		4.10289633e+10		 
2.32800000e+06		4.46800515e+28		2.31624456e+32		4.08638048e+10		 
2.33000000e+06		4.44438101e+28		2.31630016e+32		4.06995914e+10		 
2.33200000e+06		4.42089185e+28		2.31635563e+32		4.05363162e+10		 
2.33400000e+06		4.39753672e+28		2.31641097e+32		4.03739726e+10		 
2.33600000e+06		4.37431464e+28		2.31646618e+32		4.02125540e+10		 
2.33800000e+06		4.35122467e+28		2.31652127e+32		4.00520536e+10		 
2.34000000e+06		4.32826587e+28		2.31657623e+32		3.98924650e+10		 
2.34200000e+06		4.30543732e+28		2.31663106e+32		3.97337818e+10		 
2.34400000e+06		4.28273807e+28		2.31668578e+32		3.95759974e+10		 
2.34600000e+06		4.26016723e+28		2.31674036e+32		3.94191055e+10		 
2.34800000e+06		4.23772387e+28		2.31679483e+32		3.92630997e+10		 
2.35000000e+06		4.21540709e+28		2.31684917e+32		3.91079739e+10		 
2.35200000e+06		4.19321601e+28		2.31690339e+32		3.89537218e+10		 
2.35400000e+06		4.17114974e+28		2.31695748e+32		3.88003372e+10		 
2.35600000e+06		4.14920738e+28		2.31701146e+32		3.86478140e+10		 
2.35800000e+06		4.12738809e+28		2.31706532e+32		3.84961462e+10		 
2.36000000e+06		4.10569098e+28		2.31711905e+32		3.83453277e+10		 
2.36200000e+06		4.08411521e+28		2.31717267e+32		3.81953526e+10		 
2.36400000e+06		4.06266034e+28		2.31722616e+32		3.80439709e+10		 
2.36600000e+06		4.04132734e+28		2.31727953e+32		3.78907055e+10		 
2.36800000e+06		4.02011590e+28		2.31733278e+32		3.77383134e+10		 
2.37000000e+06		3.99902516e+28		2.31738590e+32		3.75867885e+10		 
2.37200000e+06		3.97805427e+28		2.31743890e+32		3.74361246e+10		 
2.37400000e+06		3.95720236e+28		2.31749178e+32		3.72863155e+10		 
2.37600000e+06		3.93646860e+28		2.31754453e+32		3.71373553e+10		 
2.37800000e+06		3.91585216e+28		2.31759716e+32		3.69892379e+10		 
2.38000000e+06		3.89535219e+28		2.31764967e+32		3.68419574e+10		 
2.38200000e+06		3.87496789e+28		2.31770206e+32		3.66955078e+10		 
2.38400000e+06		3.85469843e+28		2.31775433e+32		3.65498833e+10		 
2.38600000e+06		3.83454301e+28		2.31780648e+32		3.64050781e+10		 
2.38800000e+06		3.81450082e+28		2.31785850e+32		3.62610864e+10		 
2.39000000e+06		3.79457107e+28		2.31791041e+32		3.61179025e+10		 
2.39200000e+06		3.77475297e+28		2.31796221e+32		3.59755208e+10		 
2.39400000e+06		3.75504574e+28		2.31801388e+32		3.58339356e+10		 
2.39600000e+06		3.73544861e+28		2.31806544e+32		3.56931413e+10		 
2.39800000e+06		3.71596080e+28		2.31811688e+32		3.55531325e+10		 
2.40000000e+06		3.69658155e+28		2.31816820e+32		3.54139037e+10		 
2.40200000e+06		3.67731011e+28		2.31821941e+32		3.52754494e+10		 
2.40400000e+06		3.65814572e+28		2.31827051e+32		3.51377642e+10		 
2.40600000e+06		3.63908764e+28		2.31832149e+32		3.50008428e+10		 
2.40800000e+06		3.62013514e+28		2.31837235e+32		3.48646799e+10		 
2.41000000e+06		3.60128748e+28		2.31842310e+32		3.47292702e+10		 
2.41200000e+06		3.58254394e+28		2.31847374e+32		3.45946085e+10		 
2.41400000e+06		3.56390379e+28		2.31852427e+32		3.44606897e+10		 
2.41600000e+06		3.54536649e+28		2.31857468e+32		3.43266322e+10		 
2.41800000e+06		3.52693312e+28		2.31862498e+32		3.41880665e+10		 
2.42000000e+06		3.50860429e+28		2.31867516e+32		3.40502866e+10		 
2.42200000e+06		3.49037925e+28		2.31872522e+32		3.39132870e+10		 
2.42400000e+06		3.47225729e+28		2.31877515e+32		3.37770621e+10		 
2.42600000e+06		3.45423766e+28		2.31882498e+32		3.36416065e+10		 
2.42800000e+06		3.43631965e+28		2.31887468e+32		3.35069148e+10		 
2.43000000e+06		3.41850255e+28		2.31892426e+32		3.33729816e+10		 
2.43200000e+06		3.40078565e+28		2.31897373e+32		3.32398017e+10		 
2.43400000e+06		3.38316824e+28		2.31902309e+32		3.31073696e+10		 
2.43600000e+06		3.36564964e+28		2.31907232e+32		3.29756803e+10		 
2.43800000e+06		3.34822914e+28		2.31912145e+32		3.28447285e+10		 
2.44000000e+06		3.33090608e+28		2.31917045e+32		3.27145090e+10		 
2.44200000e+06		3.31367975e+28		2.31921935e+32		3.25850168e+10		 
2.44400000e+06		3.29654950e+28		2.31926813e+32		3.24562467e+10		 
2.44600000e+06		3.27951466e+28		2.31931680e+32		3.23281939e+10		 
2.44800000e+06		3.26257455e+28		2.31936535e+32		3.22008532e+10		 
2.45000000e+06		3.24572853e+28		2.31941379e+32		3.20742198e+10		 
2.45200000e+06		3.22897595e+28		2.31946212e+32		3.19482887e+10		 
2.45400000e+06		3.21231615e+28		2.31951034e+32		3.18230551e+10		 
2.45600000e+06		3.19574850e+28		2.31955845e+32		3.16985142e+10		 
2.45800000e+06		3.17927236e+28		2.31960645e+32		3.15746612e+10		 
2.46000000e+06		3.16288710e+28		2.31965434e+32		3.14514913e+10		 
2.46200000e+06		3.14659210e+28		2.31970212e+32		3.13289999e+10		 
2.46400000e+06		3.13038673e+28		2.31974980e+32		3.12071823e+10		 
2.46600000e+06		3.11427037e+28		2.31979736e+32		3.10860339e+10		 
2.46800000e+06		3.09824243e+28		2.31984482e+32		3.09655500e+10		 
2.47000000e+06		3.08230352e+28		2.31989216e+32		3.08407519e+10		 
2.47200000e+06		3.06645458e+28		2.31993940e+32		3.07160274e+10		 
2.47400000e+06		3.05069507e+28		2.31998651e+32		3.05920069e+10		 
2.47600000e+06		3.03502438e+28		2.32003351e+32		3.04686853e+10		 
2.47800000e+06		3.01944189e+28		2.32008040e+32		3.03460577e+10		 
2.48000000e+06		3.00394697e+28		2.32012718e+32		3.02241193e+10		 
2.48200000e+06		2.98853901e+28		2.32017384e+32		3.01028652e+10		 
2.48400000e+06		2.97321741e+28		2.32022039e+32		2.99822908e+10		 
2.48600000e+06		2.95798157e+28		2.32026683e+32		2.98623913e+10		 
2.48800000e+06		2.94283089e+28		2.32031316e+32		2.97431619e+10		 
2.49000000e+06		2.92776478e+28		2.32035938e+32		2.96245981e+10		 
2.49200000e+06		2.91278266e+28		2.32040549e+32		2.95066951e+10		 
2.49400000e+06		2.89788393e+28		2.32045148e+32		2.93894485e+10		 
2.49600000e+06		2.88306803e+28		2.32049737e+32		2.92728537e+10		 
2.49800000e+06		2.86833438e+28		2.32054315e+32		2.91569062e+10		 
2.50000000e+06		2.85368241e+28		2.32058883e+32		2.90416015e+10		 
2.50200000e+06		2.83911157e+28		2.32063439e+32		2.89269352e+10		 
2.50400000e+06		2.82462129e+28		2.32067985e+32		2.88129028e+10		 
2.50600000e+06		2.81021101e+28		2.32072520e+32		2.86995001e+10		 
2.50800000e+06		2.79588020e+28		2.32077044e+32		2.85867228e+10		 
2.51000000e+06		2.78162829e+28		2.32081558e+32		2.84745664e+10		 
2.51200000e+06		2.76745477e+28		2.32086062e+32		2.83630268e+10		 
2.51400000e+06		2.75335908e+28		2.32090554e+32		2.82520997e+10		 
2.51600000e+06		2.73934069e+28		2.32095037e+32		2.81417811e+10		 
2.51800000e+06		2.72539909e+28		2.32099509e+32		2.80320666e+10		 
2.52000000e+06		2.71153374e+28		2.32103971e+32		2.79229522e+10		 
2.52200000e+06		2.69774552e+28		2.32108422e+32		2.78079583e+10		 
2.52400000e+06		2.68403652e+28		2.32112861e+32		2.76911721e+10		 
2.52600000e+06		2.67040656e+28		2.32117289e+32		2.75750594e+10		 
2.52800000e+06		2.65685508e+28		2.32121705e+32		2.74596152e+10		 
2.53000000e+06		2.64338153e+28		2.32126110e+32		2.73448349e+10		 
2.53200000e+06		2.62998536e+28		2.32130503e+32		2.72307138e+10		 
2.53400000e+06		2.61666601e+28		2.32134885e+32		2.71172471e+10		 
2.53600000e+06		2.60342294e+28		2.32139256e+32		2.70044303e+10		 
2.53800000e+06		2.59025561e+28		2.32143615e+32		2.68922587e+10		 
2.54000000e+06		2.57716350e+28		2.32147963e+32		2.67807278e+10		 
2.54200000e+06		2.56414606e+28		2.32152300e+32		2.66698331e+10		 
2.54400000e+06		2.55120278e+28		2.32156625e+32		2.65595701e+10		 
2.54600000e+06		2.53833312e+28		2.32160940e+32		2.64499343e+10		 
2.54800000e+06		2.52553658e+28		2.32165243e+32		2.63409214e+10		 
2.55000000e+06		2.51281265e+28		2.32169536e+32		2.62325270e+10		 
2.55200000e+06		2.50016080e+28		2.32173818e+32		2.61247468e+10		 
2.55400000e+06		2.48758055e+28		2.32178088e+32		2.60175764e+10		 
2.55600000e+06		2.47507138e+28		2.32182348e+32		2.59110116e+10		 
2.55800000e+06		2.46263280e+28		2.32186597e+32		2.58050482e+10		 
2.56000000e+06		2.45026433e+28		2.32190836e+32		2.56996820e+10		 
2.56200000e+06		2.43796547e+28		2.32195063e+32		2.55949088e+10		 
2.56400000e+06		2.42573573e+28		2.32199280e+32		2.54907244e+10		 
2.56600000e+06		2.41357465e+28		2.32203487e+32		2.53871249e+10		 
2.56800000e+06		2.40148173e+28		2.32207682e+32		2.52841062e+10		 
2.57000000e+06		2.38945652e+28		2.32211868e+32		2.51816642e+10		 
2.57200000e+06		2.37749929e+28		2.32216042e+32		2.50754965e+10		 
2.57400000e+06		2.36561194e+28		2.32220206e+32		2.49665272e+10		 
2.57600000e+06		2.35379450e+28		2.32224357e+32		2.48581988e+10		 
2.57800000e+06		2.34204648e+28		2.32228497e+32		2.47505067e+10		 
2.58000000e+06		2.33036737e+28		2.32232626e+32		2.46434463e+10		 
2.58200000e+06		2.31875668e+28		2.32236742e+32		2.45370131e+10		 
2.58400000e+06		2.30721391e+28		2.32240848e+32		2.44312025e+10		 
2.58600000e+06		2.29573858e+28		2.32244942e+32		2.43260102e+10		 
2.58800000e+06		2.28433020e+28		2.32249025e+32		2.42214316e+10		 
2.59000000e+06		2.27298831e+28		2.32253097e+32		2.41174623e+10		 
2.59200000e+06		2.26171241e+28		2.32257157e+32		2.40140981e+10		 
2.59400000e+06		2.25050204e+28		2.32261206e+32		2.39113346e+10		 
2.59600000e+06		2.23935674e+28		2.32265245e+32		2.38091676e+10		 
2.59800000e+06		2.22827603e+28		2.32269272e+32		2.37075927e+10		 
2.60000000e+06		2.21725947e+28		2.32273288e+32		2.36066057e+10		 
2.60200000e+06		2.20630659e+28		2.32277293e+32		2.35062026e+10		 
2.60400000e+06		2.19541695e+28		2.32281288e+32		2.34063791e+10		 
2.60600000e+06		2.18459009e+28		2.32285271e+32		2.33071311e+10		 
2.60800000e+06		2.17382557e+28		2.32289244e+32		2.32084546e+10		 
2.61000000e+06		2.16312295e+28		2.32293206e+32		2.31103455e+10		 
2.61200000e+06		2.15248179e+28		2.32297157e+32		2.30127999e+10		 
2.61400000e+06		2.14190167e+28		2.32301098e+32		2.29158137e+10		 
2.61600000e+06		2.13138214e+28		2.32305028e+32		2.28193830e+10		 
2.61800000e+06		2.12092279e+28		2.32308947e+32		2.27235040e+10		 
2.62000000e+06		2.11052312e+28		2.32312856e+32		2.26286474e+10		 
2.62200000e+06		2.10018220e+28		2.32316755e+32		2.25357305e+10		 
2.62400000e+06		2.08989936e+28		2.32320644e+32		2.24433354e+10		 
