Radius (cm)		Pressure (dyne/cm^2)		Mass (M☉)		Density (g/cm^3)
2.00000000e+03		2.02878243e+35		3.35103216e+25		1.00000000e+15		 
4.00000000e+03		2.02875215e+35		2.76459345e+26		9.99994389e+14		 
6.00000000e+03		2.02869711e+35		9.21525677e+26		9.99984189e+14		 
8.00000000e+03		2.02861841e+35		2.16975541e+27		9.99969605e+14		 
1.00000000e+04		2.02851636e+35		4.22217931e+27		9.99950693e+14		 
1.20000000e+04		2.02839108e+35		7.27980765e+27		9.99927478e+14		 
1.40000000e+04		2.02824265e+35		1.15436250e+28		9.99899972e+14		 
1.60000000e+04		2.02807112e+35		1.72145854e+28		9.99868185e+14		 
1.80000000e+04		2.02787652e+35		2.44936065e+28		9.99832122e+14		 
2.00000000e+04		2.02765887e+35		3.35815653e+28		9.99791788e+14		 
2.20000000e+04		2.02741819e+35		4.46792925e+28		9.99747186e+14		 
2.40000000e+04		2.02715449e+35		5.79875674e+28		9.99698319e+14		 
2.60000000e+04		2.02686779e+35		7.37071128e+28		9.99645190e+14		 
2.80000000e+04		2.02655811e+35		9.20385901e+28		9.99587800e+14		 
3.00000000e+04		2.02622544e+35		1.13182594e+29		9.99526153e+14		 
3.20000000e+04		2.02586981e+35		1.37339647e+29		9.99460249e+14		 
3.40000000e+04		2.02549122e+35		1.64710195e+29		9.99390091e+14		 
3.60000000e+04		2.02508969e+35		1.95494602e+29		9.99315680e+14		 
3.80000000e+04		2.02466522e+35		2.29893144e+29		9.99237020e+14		 
4.00000000e+04		2.02421782e+35		2.68106006e+29		9.99154111e+14		 
4.20000000e+04		2.02374751e+35		3.10333276e+29		9.99066955e+14		 
4.40000000e+04		2.02325430e+35		3.56774937e+29		9.98975556e+14		 
4.60000000e+04		2.02273819e+35		4.07630867e+29		9.98879914e+14		 
4.80000000e+04		2.02219921e+35		4.63100830e+29		9.98780031e+14		 
5.00000000e+04		2.02163735e+35		5.23384473e+29		9.98675911e+14		 
5.20000000e+04		2.02105264e+35		5.88681320e+29		9.98567555e+14		 
5.40000000e+04		2.02044508e+35		6.59190767e+29		9.98454966e+14		 
5.60000000e+04		2.01981470e+35		7.35112079e+29		9.98338146e+14		 
5.80000000e+04		2.01916149e+35		8.16644379e+29		9.98217097e+14		 
6.00000000e+04		2.01848548e+35		9.03986652e+29		9.98091822e+14		 
6.20000000e+04		2.01778668e+35		9.97337731e+29		9.97962323e+14		 
6.40000000e+04		2.01706510e+35		1.09689630e+30		9.97828604e+14		 
6.60000000e+04		2.01632076e+35		1.20286087e+30		9.97690666e+14		 
6.80000000e+04		2.01555367e+35		1.31542982e+30		9.97548514e+14		 
7.00000000e+04		2.01476385e+35		1.43480134e+30		9.97402149e+14		 
7.20000000e+04		2.01395132e+35		1.56117343e+30		9.97251575e+14		 
7.40000000e+04		2.01311609e+35		1.69474396e+30		9.97096795e+14		 
7.60000000e+04		2.01225818e+35		1.83571056e+30		9.96937811e+14		 
7.80000000e+04		2.01137761e+35		1.98427072e+30		9.96774628e+14		 
8.00000000e+04		2.01047439e+35		2.14062170e+30		9.96607248e+14		 
8.20000000e+04		2.00954855e+35		2.30496060e+30		9.96435675e+14		 
8.40000000e+04		2.00860009e+35		2.47748428e+30		9.96259912e+14		 
8.60000000e+04		2.00762905e+35		2.65838942e+30		9.96079963e+14		 
8.80000000e+04		2.00663543e+35		2.84787247e+30		9.95895831e+14		 
9.00000000e+04		2.00561927e+35		3.04612966e+30		9.95707520e+14		 
9.20000000e+04		2.00458057e+35		3.25335703e+30		9.95515035e+14		 
9.40000000e+04		2.00351937e+35		3.46975034e+30		9.95318378e+14		 
9.60000000e+04		2.00243568e+35		3.69550517e+30		9.95117554e+14		 
9.80000000e+04		2.00132952e+35		3.93081682e+30		9.94912566e+14		 
1.00000000e+05		2.00020092e+35		4.17588038e+30		9.94703420e+14		 
1.02000000e+05		1.99904990e+35		4.43089068e+30		9.94490118e+14		 
1.04000000e+05		1.99787648e+35		4.69604229e+30		9.94272666e+14		 
1.06000000e+05		1.99668068e+35		4.97152954e+30		9.94051067e+14		 
1.08000000e+05		1.99546254e+35		5.25754649e+30		9.93825326e+14		 
1.10000000e+05		1.99422206e+35		5.55428693e+30		9.93595448e+14		 
1.12000000e+05		1.99295929e+35		5.86194439e+30		9.93361438e+14		 
1.14000000e+05		1.99167424e+35		6.18071212e+30		9.93123298e+14		 
1.16000000e+05		1.99036694e+35		6.51078307e+30		9.92881036e+14		 
1.18000000e+05		1.98903741e+35		6.85234995e+30		9.92634655e+14		 
1.20000000e+05		1.98768569e+35		7.20560513e+30		9.92384160e+14		 
1.22000000e+05		1.98631179e+35		7.57074072e+30		9.92129556e+14		 
1.24000000e+05		1.98491575e+35		7.94794852e+30		9.91870849e+14		 
1.26000000e+05		1.98349759e+35		8.33742002e+30		9.91608043e+14		 
1.28000000e+05		1.98205734e+35		8.73934642e+30		9.91341144e+14		 
1.30000000e+05		1.98059504e+35		9.15391857e+30		9.91070157e+14		 
1.32000000e+05		1.97911070e+35		9.58132705e+30		9.90795087e+14		 
1.34000000e+05		1.97760436e+35		1.00217621e+31		9.90515940e+14		 
1.36000000e+05		1.97607605e+35		1.04754136e+31		9.90232722e+14		 
1.38000000e+05		1.97452580e+35		1.09424711e+31		9.89945437e+14		 
1.40000000e+05		1.97295364e+35		1.14231239e+31		9.89654092e+14		 
1.42000000e+05		1.97135960e+35		1.19175609e+31		9.89358692e+14		 
1.44000000e+05		1.96974371e+35		1.24259705e+31		9.89059244e+14		 
1.46000000e+05		1.96810601e+35		1.29485412e+31		9.88755753e+14		 
1.48000000e+05		1.96644652e+35		1.34854605e+31		9.88448225e+14		 
1.50000000e+05		1.96476528e+35		1.40369162e+31		9.88136666e+14		 
1.52000000e+05		1.96306232e+35		1.46030952e+31		9.87821083e+14		 
1.54000000e+05		1.96133768e+35		1.51841844e+31		9.87501481e+14		 
1.56000000e+05		1.95959139e+35		1.57803702e+31		9.87177867e+14		 
1.58000000e+05		1.95782348e+35		1.63918384e+31		9.86850248e+14		 
1.60000000e+05		1.95603400e+35		1.70187749e+31		9.86518629e+14		 
1.62000000e+05		1.95422296e+35		1.76613648e+31		9.86183018e+14		 
1.64000000e+05		1.95239042e+35		1.83197929e+31		9.85843420e+14		 
1.66000000e+05		1.95053641e+35		1.89942438e+31		9.85499843e+14		 
1.68000000e+05		1.94866095e+35		1.96849014e+31		9.85152294e+14		 
1.70000000e+05		1.94676410e+35		2.03919495e+31		9.84800778e+14		 
1.72000000e+05		1.94484588e+35		2.11155714e+31		9.84445304e+14		 
1.74000000e+05		1.94290634e+35		2.18559497e+31		9.84085877e+14		 
1.76000000e+05		1.94094551e+35		2.26132671e+31		9.83722506e+14		 
1.78000000e+05		1.93896343e+35		2.33877054e+31		9.83355197e+14		 
1.80000000e+05		1.93696014e+35		2.41794463e+31		9.82983957e+14		 
1.82000000e+05		1.93493567e+35		2.49886708e+31		9.82608795e+14		 
1.84000000e+05		1.93289008e+35		2.58155599e+31		9.82229716e+14		 
1.86000000e+05		1.93082340e+35		2.66602936e+31		9.81846728e+14		 
1.88000000e+05		1.92873566e+35		2.75230519e+31		9.81459840e+14		 
1.90000000e+05		1.92662692e+35		2.84040142e+31		9.81069058e+14		 
1.92000000e+05		1.92449720e+35		2.93033594e+31		9.80674390e+14		 
1.94000000e+05		1.92234656e+35		3.02212660e+31		9.80275844e+14		 
1.96000000e+05		1.92017503e+35		3.11579121e+31		9.79873427e+14		 
1.98000000e+05		1.91798266e+35		3.21134752e+31		9.79467148e+14		 
2.00000000e+05		1.91576949e+35		3.30881325e+31		9.79057015e+14		 
2.02000000e+05		1.91353556e+35		3.40820606e+31		9.78643034e+14		 
2.04000000e+05		1.91128092e+35		3.50954357e+31		9.78225215e+14		 
2.06000000e+05		1.90900561e+35		3.61284335e+31		9.77803566e+14		 
2.08000000e+05		1.90670968e+35		3.71812225e+31		9.77364343e+14		 
2.10000000e+05		1.90439321e+35		3.82539657e+31		9.76916826e+14		 
2.12000000e+05		1.90205623e+35		3.93468349e+31		9.76465348e+14		 
2.14000000e+05		1.89969881e+35		4.04600027e+31		9.76009919e+14		 
2.16000000e+05		1.89732098e+35		4.15936415e+31		9.75550549e+14		 
2.18000000e+05		1.89492280e+35		4.27479231e+31		9.75087246e+14		 
2.20000000e+05		1.89250430e+35		4.39230187e+31		9.74620019e+14		 
2.22000000e+05		1.89006555e+35		4.51190990e+31		9.74148879e+14		 
2.24000000e+05		1.88760659e+35		4.63363342e+31		9.73673833e+14		 
2.26000000e+05		1.88512746e+35		4.75748939e+31		9.73194893e+14		 
2.28000000e+05		1.88262822e+35		4.88349472e+31		9.72712068e+14		 
2.30000000e+05		1.88010892e+35		5.01166627e+31		9.72225367e+14		 
2.32000000e+05		1.87756961e+35		5.14202084e+31		9.71734799e+14		 
2.34000000e+05		1.87501034e+35		5.27457518e+31		9.71240376e+14		 
2.36000000e+05		1.87243115e+35		5.40934598e+31		9.70742105e+14		 
2.38000000e+05		1.86983211e+35		5.54634986e+31		9.70239999e+14		 
2.40000000e+05		1.86721326e+35		5.68560343e+31		9.69734066e+14		 
2.42000000e+05		1.86457466e+35		5.82712318e+31		9.69224316e+14		 
2.44000000e+05		1.86191635e+35		5.97092560e+31		9.68710760e+14		 
2.46000000e+05		1.85923839e+35		6.11702709e+31		9.68193408e+14		 
2.48000000e+05		1.85654084e+35		6.26544400e+31		9.67672270e+14		 
2.50000000e+05		1.85382374e+35		6.41619263e+31		9.67147356e+14		 
2.52000000e+05		1.85108715e+35		6.56928920e+31		9.66618677e+14		 
2.54000000e+05		1.84833113e+35		6.72474991e+31		9.66086243e+14		 
2.56000000e+05		1.84555572e+35		6.88259086e+31		9.65550065e+14		 
2.58000000e+05		1.84276099e+35		7.04282811e+31		9.65010154e+14		 
2.60000000e+05		1.83994699e+35		7.20547767e+31		9.64466519e+14		 
2.62000000e+05		1.83711377e+35		7.37055547e+31		9.63919172e+14		 
2.64000000e+05		1.83426139e+35		7.53807740e+31		9.63368123e+14		 
2.66000000e+05		1.83138990e+35		7.70805926e+31		9.62813384e+14		 
2.68000000e+05		1.82849937e+35		7.88051682e+31		9.62254965e+14		 
2.70000000e+05		1.82558985e+35		8.05546578e+31		9.61692877e+14		 
2.72000000e+05		1.82266140e+35		8.23292178e+31		9.61127131e+14		 
2.74000000e+05		1.81971406e+35		8.41290037e+31		9.60557739e+14		 
2.76000000e+05		1.81674791e+35		8.59541708e+31		9.59984710e+14		 
2.78000000e+05		1.81376300e+35		8.78048736e+31		9.59408058e+14		 
2.80000000e+05		1.81075938e+35		8.96812659e+31		9.58827792e+14		 
2.82000000e+05		1.80773712e+35		9.15835009e+31		9.58243924e+14		 
2.84000000e+05		1.80469628e+35		9.35117313e+31		9.57656466e+14		 
2.86000000e+05		1.80163691e+35		9.54661089e+31		9.57065429e+14		 
2.88000000e+05		1.79855907e+35		9.74467853e+31		9.56470824e+14		 
2.90000000e+05		1.79546282e+35		9.94539109e+31		9.55872664e+14		 
2.92000000e+05		1.79234823e+35		1.01487636e+32		9.55270959e+14		 
2.94000000e+05		1.78921536e+35		1.03548110e+32		9.54665721e+14		 
2.96000000e+05		1.78606426e+35		1.05635481e+32		9.54056963e+14		 
2.98000000e+05		1.78289499e+35		1.07749898e+32		9.53444695e+14		 
3.00000000e+05		1.77970762e+35		1.09891508e+32		9.52828930e+14		 
3.02000000e+05		1.77650221e+35		1.12060457e+32		9.52209680e+14		 
3.04000000e+05		1.77327882e+35		1.14256893e+32		9.51586956e+14		 
3.06000000e+05		1.77003751e+35		1.16480960e+32		9.50960771e+14		 
3.08000000e+05		1.76677835e+35		1.18732803e+32		9.50331136e+14		 
3.10000000e+05		1.76350139e+35		1.21012566e+32		9.49698064e+14		 
3.12000000e+05		1.76020674e+35		1.23320366e+32		9.49037676e+14		 
3.14000000e+05		1.75689450e+35		1.25656306e+32		9.48370223e+14		 
3.16000000e+05		1.75356475e+35		1.28020526e+32		9.47699240e+14		 
3.18000000e+05		1.75021753e+35		1.30413163e+32		9.47024739e+14		 
3.20000000e+05		1.74685294e+35		1.32834356e+32		9.46346735e+14		 
3.22000000e+05		1.74347102e+35		1.35284244e+32		9.45665241e+14		 
3.24000000e+05		1.74007185e+35		1.37762964e+32		9.44980271e+14		 
3.26000000e+05		1.73665549e+35		1.40270652e+32		9.44291838e+14		 
3.28000000e+05		1.73322202e+35		1.42807443e+32		9.43599955e+14		 
3.30000000e+05		1.72977150e+35		1.45373474e+32		9.42904636e+14		 
3.32000000e+05		1.72630400e+35		1.47968877e+32		9.42205896e+14		 
3.34000000e+05		1.72281958e+35		1.50593788e+32		9.41503747e+14		 
3.36000000e+05		1.71931832e+35		1.53248338e+32		9.40798205e+14		 
3.38000000e+05		1.71580029e+35		1.55932661e+32		9.40089281e+14		 
3.40000000e+05		1.71226555e+35		1.58646886e+32		9.39376991e+14		 
3.42000000e+05		1.70871417e+35		1.61391146e+32		9.38661349e+14		 
3.44000000e+05		1.70514622e+35		1.64165569e+32		9.37942368e+14		 
3.46000000e+05		1.70156178e+35		1.66970286e+32		9.37220063e+14		 
3.48000000e+05		1.69796091e+35		1.69805424e+32		9.36494447e+14		 
3.50000000e+05		1.69434368e+35		1.72671112e+32		9.35765535e+14		 
3.52000000e+05		1.69071016e+35		1.75567476e+32		9.35033341e+14		 
3.54000000e+05		1.68706043e+35		1.78494642e+32		9.34297879e+14		 
3.56000000e+05		1.68339455e+35		1.81452737e+32		9.33559164e+14		 
3.58000000e+05		1.67971260e+35		1.84441885e+32		9.32817210e+14		 
3.60000000e+05		1.67601464e+35		1.87462210e+32		9.32072031e+14		 
3.62000000e+05		1.67230076e+35		1.90513835e+32		9.31323641e+14		 
3.64000000e+05		1.66857101e+35		1.93596883e+32		9.30572056e+14		 
3.66000000e+05		1.66482548e+35		1.96711475e+32		9.29817290e+14		 
3.68000000e+05		1.66106423e+35		1.99857733e+32		9.29059357e+14		 
3.70000000e+05		1.65728734e+35		2.03035777e+32		9.28298271e+14		 
3.72000000e+05		1.65349488e+35		2.06245726e+32		9.27534048e+14		 
3.74000000e+05		1.64968693e+35		2.09487699e+32		9.26766703e+14		 
3.76000000e+05		1.64586355e+35		2.12761814e+32		9.25996249e+14		 
3.78000000e+05		1.64202481e+35		2.16068188e+32		9.25222701e+14		 
3.80000000e+05		1.63817080e+35		2.19406937e+32		9.24446076e+14		 
3.82000000e+05		1.63430159e+35		2.22778178e+32		9.23666386e+14		 
3.84000000e+05		1.63041725e+35		2.26182026e+32		9.22883648e+14		 
3.86000000e+05		1.62651786e+35		2.29618580e+32		9.22087406e+14		 
3.88000000e+05		1.62260358e+35		2.33087877e+32		9.21264187e+14		 
3.90000000e+05		1.61867451e+35		2.36589988e+32		9.20437860e+14		 
3.92000000e+05		1.61473075e+35		2.40125022e+32		9.19608440e+14		 
3.94000000e+05		1.61077235e+35		2.43693087e+32		9.18775944e+14		 
3.96000000e+05		1.60679941e+35		2.47294290e+32		9.17940388e+14		 
3.98000000e+05		1.60281199e+35		2.50928737e+32		9.17101788e+14		 
4.00000000e+05		1.59881018e+35		2.54596534e+32		9.16260162e+14		 
4.02000000e+05		1.59479406e+35		2.58297785e+32		9.15415526e+14		 
4.04000000e+05		1.59076370e+35		2.62032595e+32		9.14567895e+14		 
4.06000000e+05		1.58671919e+35		2.65801066e+32		9.13717287e+14		 
4.08000000e+05		1.58266060e+35		2.69603300e+32		9.12863718e+14		 
4.10000000e+05		1.57858800e+35		2.73439400e+32		9.12007205e+14		 
4.12000000e+05		1.57450149e+35		2.77309466e+32		9.11147764e+14		 
4.14000000e+05		1.57040114e+35		2.81213598e+32		9.10285412e+14		 
4.16000000e+05		1.56628702e+35		2.85151895e+32		9.09420167e+14		 
4.18000000e+05		1.56215922e+35		2.89124455e+32		9.08552043e+14		 
4.20000000e+05		1.55801782e+35		2.93131375e+32		9.07681059e+14		 
4.22000000e+05		1.55386290e+35		2.97172753e+32		9.06807231e+14		 
4.24000000e+05		1.54969454e+35		3.01248683e+32		9.05930576e+14		 
4.26000000e+05		1.54551281e+35		3.05359262e+32		9.05051110e+14		 
4.28000000e+05		1.54131780e+35		3.09504582e+32		9.04168851e+14		 
4.30000000e+05		1.53710958e+35		3.13684739e+32		9.03283815e+14		 
4.32000000e+05		1.53288825e+35		3.17899823e+32		9.02396020e+14		 
4.34000000e+05		1.52865387e+35		3.22149927e+32		9.01505481e+14		 
4.36000000e+05		1.52440653e+35		3.26435142e+32		9.00612217e+14		 
4.38000000e+05		1.52014631e+35		3.30755558e+32		8.99716244e+14		 
4.40000000e+05		1.51587330e+35		3.35111264e+32		8.98817579e+14		 
4.42000000e+05		1.51158756e+35		3.39502349e+32		8.97916240e+14		 
4.44000000e+05		1.50728919e+35		3.43928900e+32		8.97012242e+14		 
4.46000000e+05		1.50297826e+35		3.48391005e+32		8.96105604e+14		 
4.48000000e+05		1.49865490e+35		3.52888686e+32		8.95167739e+14		 
4.50000000e+05		1.49431931e+35		3.57421907e+32		8.94215542e+14		 
4.52000000e+05		1.48997156e+35		3.61990729e+32		8.93260677e+14		 
4.54000000e+05		1.48561177e+35		3.66595230e+32		8.92303164e+14		 
4.56000000e+05		1.48123999e+35		3.71235490e+32		8.91343022e+14		 
4.58000000e+05		1.47685634e+35		3.75911586e+32		8.90380269e+14		 
4.60000000e+05		1.47246087e+35		3.80623595e+32		8.89414923e+14		 
4.62000000e+05		1.46805369e+35		3.85371594e+32		8.88447004e+14		 
4.64000000e+05		1.46363488e+35		3.90155658e+32		8.87476531e+14		 
4.66000000e+05		1.45920452e+35		3.94975862e+32		8.86503521e+14		 
4.68000000e+05		1.45476270e+35		3.99832278e+32		8.85527994e+14		 
4.70000000e+05		1.45030950e+35		4.04724980e+32		8.84549968e+14		 
4.72000000e+05		1.44584501e+35		4.09654040e+32		8.83569462e+14		 
4.74000000e+05		1.44136931e+35		4.14619529e+32		8.82586495e+14		 
4.76000000e+05		1.43688249e+35		4.19621517e+32		8.81601087e+14		 
4.78000000e+05		1.43238464e+35		4.24660074e+32		8.80613254e+14		 
4.80000000e+05		1.42787584e+35		4.29735268e+32		8.79623017e+14		 
4.82000000e+05		1.42335617e+35		4.34847166e+32		8.78630394e+14		 
4.84000000e+05		1.41882573e+35		4.39995837e+32		8.77635404e+14		 
4.86000000e+05		1.41428460e+35		4.45181346e+32		8.76638065e+14		 
4.88000000e+05		1.40973285e+35		4.50403758e+32		8.75638397e+14		 
4.90000000e+05		1.40517059e+35		4.55663138e+32		8.74636419e+14		 
4.92000000e+05		1.40059789e+35		4.60959550e+32		8.73632148e+14		 
4.94000000e+05		1.39601485e+35		4.66293055e+32		8.72625605e+14		 
4.96000000e+05		1.39142154e+35		4.71663717e+32		8.71616807e+14		 
4.98000000e+05		1.38681805e+35		4.77071596e+32		8.70605774e+14		 
5.00000000e+05		1.38220450e+35		4.82516703e+32		8.69569363e+14		 
5.02000000e+05		1.37758112e+35		4.87998906e+32		8.68508379e+14		 
5.04000000e+05		1.37294804e+35		4.93518213e+32		8.67445167e+14		 
5.06000000e+05		1.36830533e+35		4.99074677e+32		8.66379747e+14		 
5.08000000e+05		1.36365309e+35		5.04668349e+32		8.65312139e+14		 
5.10000000e+05		1.35899141e+35		5.10299281e+32		8.64242366e+14		 
5.12000000e+05		1.35432037e+35		5.15967523e+32		8.63170445e+14		 
5.14000000e+05		1.34964008e+35		5.21673125e+32		8.62096400e+14		 
5.16000000e+05		1.34495061e+35		5.27416135e+32		8.61020249e+14		 
5.18000000e+05		1.34025206e+35		5.33196601e+32		8.59942013e+14		 
5.20000000e+05		1.33554451e+35		5.39014570e+32		8.58861713e+14		 
5.22000000e+05		1.33082805e+35		5.44870088e+32		8.57779370e+14		 
5.24000000e+05		1.32610278e+35		5.50763201e+32		8.56695003e+14		 
5.26000000e+05		1.32136878e+35		5.56693953e+32		8.55608634e+14		 
5.28000000e+05		1.31662615e+35		5.62662388e+32		8.54520282e+14		 
5.30000000e+05		1.31187496e+35		5.68668548e+32		8.53429968e+14		 
5.32000000e+05		1.30711532e+35		5.74712476e+32		8.52337713e+14		 
5.34000000e+05		1.30234730e+35		5.80794213e+32		8.51243537e+14		 
5.36000000e+05		1.29757100e+35		5.86913799e+32		8.50147460e+14		 
5.38000000e+05		1.29278650e+35		5.93071273e+32		8.49049503e+14		 
5.40000000e+05		1.28799391e+35		5.99266675e+32		8.47949686e+14		 
5.42000000e+05		1.28319329e+35		6.05500043e+32		8.46848029e+14		 
5.44000000e+05		1.27838475e+35		6.11771412e+32		8.45744553e+14		 
5.46000000e+05		1.27356840e+35		6.18080767e+32		8.44617682e+14		 
5.48000000e+05		1.26874450e+35		6.24427897e+32		8.43460295e+14		 
5.50000000e+05		1.26391319e+35		6.30812752e+32		8.42301130e+14		 
5.52000000e+05		1.25907456e+35		6.37235360e+32		8.41140210e+14		 
5.54000000e+05		1.25422870e+35		6.43695749e+32		8.39977555e+14		 
5.56000000e+05		1.24937570e+35		6.50193944e+32		8.38813188e+14		 
5.58000000e+05		1.24451567e+35		6.56729972e+32		8.37647132e+14		 
5.60000000e+05		1.23964868e+35		6.63303857e+32		8.36479408e+14		 
5.62000000e+05		1.23477483e+35		6.69915623e+32		8.35310038e+14		 
5.64000000e+05		1.22989421e+35		6.76565294e+32		8.34139043e+14		 
5.66000000e+05		1.22500692e+35		6.83252892e+32		8.32966447e+14		 
5.68000000e+05		1.22011304e+35		6.89978439e+32		8.31792271e+14		 
5.70000000e+05		1.21521266e+35		6.96741955e+32		8.30616536e+14		 
5.72000000e+05		1.21030588e+35		7.03543461e+32		8.29439265e+14		 
5.74000000e+05		1.20539279e+35		7.10382976e+32		8.28260479e+14		 
5.76000000e+05		1.20047348e+35		7.17260517e+32		8.27080201e+14		 
5.78000000e+05		1.19554803e+35		7.24176104e+32		8.25898450e+14		 
5.80000000e+05		1.19061654e+35		7.31129752e+32		8.24715251e+14		 
5.82000000e+05		1.18567910e+35		7.38121478e+32		8.23530623e+14		 
5.84000000e+05		1.18073580e+35		7.45151296e+32		8.22344590e+14		 
5.86000000e+05		1.17578673e+35		7.52219223e+32		8.21157171e+14		 
5.88000000e+05		1.17083206e+35		7.59325118e+32		8.19928312e+14		 
5.90000000e+05		1.16587207e+35		7.66468711e+32		8.18683348e+14		 
5.92000000e+05		1.16090687e+35		7.73649965e+32		8.17437077e+14		 
5.94000000e+05		1.15593655e+35		7.80868885e+32		8.16189521e+14		 
5.96000000e+05		1.15096121e+35		7.88125476e+32		8.14940704e+14		 
5.98000000e+05		1.14598094e+35		7.95419740e+32		8.13690649e+14		 
6.00000000e+05		1.14099583e+35		8.02751681e+32		8.12439381e+14		 
6.02000000e+05		1.13600597e+35		8.10121300e+32		8.11186921e+14		 
6.04000000e+05		1.13101146e+35		8.17528599e+32		8.09933292e+14		 
6.06000000e+05		1.12601239e+35		8.24973577e+32		8.08678519e+14		 
6.08000000e+05		1.12100884e+35		8.32456236e+32		8.07422624e+14		 
6.10000000e+05		1.11600092e+35		8.39976573e+32		8.06165630e+14		 
6.12000000e+05		1.11098872e+35		8.47534587e+32		8.04907561e+14		 
6.14000000e+05		1.10597231e+35		8.55130275e+32		8.03648438e+14		 
6.16000000e+05		1.10095181e+35		8.62763634e+32		8.02388284e+14		 
6.18000000e+05		1.09592729e+35		8.70434660e+32		8.01127124e+14		 
6.20000000e+05		1.09089884e+35		8.78143348e+32		7.99864978e+14		 
6.22000000e+05		1.08586656e+35		8.85889692e+32		7.98601871e+14		 
6.24000000e+05		1.08083054e+35		8.93673686e+32		7.97337824e+14		 
6.26000000e+05		1.07579102e+35		9.01495058e+32		7.96017435e+14		 
6.28000000e+05		1.07074826e+35		9.09353491e+32		7.94692452e+14		 
6.30000000e+05		1.06570235e+35		9.17248959e+32		7.93366643e+14		 
6.32000000e+05		1.06065339e+35		9.25181444e+32		7.92040034e+14		 
6.34000000e+05		1.05560148e+35		9.33150931e+32		7.90712648e+14		 
6.36000000e+05		1.05054671e+35		9.41157402e+32		7.89384510e+14		 
6.38000000e+05		1.04548916e+35		9.49200839e+32		7.88055644e+14		 
6.40000000e+05		1.04042894e+35		9.57281222e+32		7.86726074e+14		 
6.42000000e+05		1.03536613e+35		9.65398532e+32		7.85395824e+14		 
6.44000000e+05		1.03030083e+35		9.73552749e+32		7.84064918e+14		 
6.46000000e+05		1.02523311e+35		9.81743851e+32		7.82733381e+14		 
6.48000000e+05		1.02016309e+35		9.89971818e+32		7.81401236e+14		 
6.50000000e+05		1.01509084e+35		9.98236627e+32		7.80068506e+14		 
6.52000000e+05		1.01001646e+35		1.00653825e+33		7.78735217e+14		 
6.54000000e+05		1.00494004e+35		1.01487668e+33		7.77401390e+14		 
6.56000000e+05		9.99861661e+34		1.02325187e+33		7.76067050e+14		 
6.58000000e+05		9.94781419e+34		1.03166381e+33		7.74732220e+14		 
6.60000000e+05		9.89699516e+34		1.04011225e+33		7.73351432e+14		 
6.62000000e+05		9.84616258e+34		1.04859676e+33		7.71952403e+14		 
6.64000000e+05		9.79531774e+34		1.05711723e+33		7.70553036e+14		 
6.66000000e+05		9.74446154e+34		1.06567363e+33		7.69153357e+14		 
6.68000000e+05		9.69359490e+34		1.07426592e+33		7.67753391e+14		 
6.70000000e+05		9.64271873e+34		1.08289406e+33		7.66353163e+14		 
6.72000000e+05		9.59183396e+34		1.09155803e+33		7.64952697e+14		 
6.74000000e+05		9.54094147e+34		1.10025778e+33		7.63552019e+14		 
6.76000000e+05		9.49004218e+34		1.10899327e+33		7.62151154e+14		 
6.78000000e+05		9.43913697e+34		1.11776446e+33		7.60750127e+14		 
6.80000000e+05		9.38822676e+34		1.12657133e+33		7.59348961e+14		 
6.82000000e+05		9.33731241e+34		1.13541381e+33		7.57947682e+14		 
6.84000000e+05		9.28639483e+34		1.14429188e+33		7.56546314e+14		 
6.86000000e+05		9.23547490e+34		1.15320550e+33		7.55144881e+14		 
6.88000000e+05		9.18455349e+34		1.16215462e+33		7.53743407e+14		 
6.90000000e+05		9.13363149e+34		1.17113920e+33		7.52341917e+14		 
6.92000000e+05		9.08271133e+34		1.18015888e+33		7.50884074e+14		 
6.94000000e+05		9.03179615e+34		1.18921316e+33		7.49415288e+14		 
6.96000000e+05		8.98088707e+34		1.19830195e+33		7.47946679e+14		 
6.98000000e+05		8.92998500e+34		1.20742519e+33		7.46478272e+14		 
7.00000000e+05		8.87909083e+34		1.21658284e+33		7.45010092e+14		 
7.02000000e+05		8.82820544e+34		1.22577483e+33		7.43542166e+14		 
7.04000000e+05		8.77732973e+34		1.23500112e+33		7.42074519e+14		 
7.06000000e+05		8.72646457e+34		1.24426165e+33		7.40607177e+14		 
7.08000000e+05		8.67561085e+34		1.25355636e+33		7.39140165e+14		 
7.10000000e+05		8.62476943e+34		1.26288520e+33		7.37673507e+14		 
7.12000000e+05		8.57394119e+34		1.27224812e+33		7.36207230e+14		 
7.14000000e+05		8.52312698e+34		1.28164505e+33		7.34741357e+14		 
7.16000000e+05		8.47232766e+34		1.29107595e+33		7.33275914e+14		 
7.18000000e+05		8.42154410e+34		1.30054074e+33		7.31810925e+14		 
7.20000000e+05		8.37077729e+34		1.31003935e+33		7.30338594e+14		 
7.22000000e+05		8.32003047e+34		1.31957121e+33		7.28803132e+14		 
7.24000000e+05		8.26930638e+34		1.32913585e+33		7.27268358e+14		 
7.26000000e+05		8.21860590e+34		1.33873321e+33		7.25734298e+14		 
7.28000000e+05		8.16792990e+34		1.34836323e+33		7.24200979e+14		 
7.30000000e+05		8.11727925e+34		1.35802582e+33		7.22668427e+14		 
7.32000000e+05		8.06665480e+34		1.36772094e+33		7.21136668e+14		 
7.34000000e+05		8.01605741e+34		1.37744849e+33		7.19605727e+14		 
7.36000000e+05		7.96548792e+34		1.38720842e+33		7.18075631e+14		 
7.38000000e+05		7.91494718e+34		1.39700066e+33		7.16546404e+14		 
7.40000000e+05		7.86443603e+34		1.40682513e+33		7.15018073e+14		 
7.42000000e+05		7.81395529e+34		1.41668177e+33		7.13490662e+14		 
7.44000000e+05		7.76350580e+34		1.42657050e+33		7.11964196e+14		 
7.46000000e+05		7.71308837e+34		1.43649126e+33		7.10438701e+14		 
7.48000000e+05		7.66270446e+34		1.44644382e+33		7.08884077e+14		 
7.50000000e+05		7.61235794e+34		1.45642744e+33		7.07285184e+14		 
7.52000000e+05		7.56205075e+34		1.46644180e+33		7.05687541e+14		 
7.54000000e+05		7.51178374e+34		1.47648680e+33		7.04091173e+14		 
7.56000000e+05		7.46155775e+34		1.48656238e+33		7.02496108e+14		 
7.58000000e+05		7.41137358e+34		1.49666845e+33		7.00902372e+14		 
7.60000000e+05		7.36123208e+34		1.50680492e+33		6.99309990e+14		 
7.62000000e+05		7.31113404e+34		1.51697171e+33		6.97718989e+14		 
7.64000000e+05		7.26108027e+34		1.52716875e+33		6.96129394e+14		 
7.66000000e+05		7.21107158e+34		1.53739594e+33		6.94541230e+14		 
7.68000000e+05		7.16110876e+34		1.54765321e+33		6.92954522e+14		 
7.70000000e+05		7.11119260e+34		1.55794047e+33		6.91369297e+14		 
7.72000000e+05		7.06132387e+34		1.56825764e+33		6.89785578e+14		 
7.74000000e+05		7.01150455e+34		1.57860436e+33		6.88156259e+14		 
7.76000000e+05		6.96173870e+34		1.58897977e+33		6.86496237e+14		 
7.78000000e+05		6.91202784e+34		1.59938364e+33		6.84838050e+14		 
7.80000000e+05		6.86237275e+34		1.60981585e+33		6.83181723e+14		 
7.82000000e+05		6.81277422e+34		1.62027633e+33		6.81527282e+14		 
7.84000000e+05		6.76323302e+34		1.63076497e+33		6.79874754e+14		 
7.86000000e+05		6.71374994e+34		1.64128168e+33		6.78224165e+14		 
7.88000000e+05		6.66432574e+34		1.65182637e+33		6.76575539e+14		 
7.90000000e+05		6.61496117e+34		1.66239894e+33		6.74928903e+14		 
7.92000000e+05		6.56565699e+34		1.67299930e+33		6.73284281e+14		 
7.94000000e+05		6.51641394e+34		1.68362736e+33		6.71641698e+14		 
7.96000000e+05		6.46723277e+34		1.69428302e+33		6.70001179e+14		 
7.98000000e+05		6.41811549e+34		1.70496588e+33		6.68312622e+14		 
8.00000000e+05		6.36906637e+34		1.71567498e+33		6.66592860e+14		 
8.02000000e+05		6.32008690e+34		1.72641006e+33		6.64875541e+14		 
8.04000000e+05		6.27117783e+34		1.73717100e+33		6.63160689e+14		 
8.06000000e+05		6.22233989e+34		1.74795769e+33		6.61448332e+14		 
8.08000000e+05		6.17357381e+34		1.75877005e+33		6.59738494e+14		 
8.10000000e+05		6.12488031e+34		1.76960797e+33		6.58031201e+14		 
8.12000000e+05		6.07626010e+34		1.78047133e+33		6.56326478e+14		 
8.14000000e+05		6.02771389e+34		1.79136004e+33		6.54624349e+14		 
8.16000000e+05		5.97924237e+34		1.80227400e+33		6.52924839e+14		 
8.18000000e+05		5.93084624e+34		1.81321311e+33		6.51227973e+14		 
8.20000000e+05		5.88252686e+34		1.82417708e+33		6.49503529e+14		 
8.22000000e+05		5.83428856e+34		1.83516490e+33		6.47724347e+14		 
8.24000000e+05		5.78613366e+34		1.84617606e+33		6.45948240e+14		 
8.26000000e+05		5.73806283e+34		1.85721044e+33		6.44175234e+14		 
8.28000000e+05		5.69007676e+34		1.86826794e+33		6.42405355e+14		 
8.30000000e+05		5.64217612e+34		1.87934845e+33		6.40638626e+14		 
8.32000000e+05		5.59436158e+34		1.89045185e+33		6.38875073e+14		 
8.34000000e+05		5.54663379e+34		1.90157803e+33		6.37114719e+14		 
8.36000000e+05		5.49899340e+34		1.91272688e+33		6.35357589e+14		 
8.38000000e+05		5.45144104e+34		1.92389830e+33		6.33603707e+14		 
8.40000000e+05		5.40397736e+34		1.93509217e+33		6.31853094e+14		 
8.42000000e+05		5.35660514e+34		1.94630781e+33		6.30035357e+14		 
8.44000000e+05		5.30932867e+34		1.95754418e+33		6.28199599e+14		 
8.46000000e+05		5.26214909e+34		1.96880101e+33		6.26367604e+14		 
8.48000000e+05		5.21506702e+34		1.98007819e+33		6.24539394e+14		 
8.50000000e+05		5.16808307e+34		1.99137561e+33		6.22714995e+14		 
8.52000000e+05		5.12119785e+34		2.00269315e+33		6.20894429e+14		 
8.54000000e+05		5.07441194e+34		2.01403069e+33		6.19077720e+14		 
8.56000000e+05		5.02772595e+34		2.02538811e+33		6.17264891e+14		 
8.58000000e+05		4.98114044e+34		2.03676531e+33		6.15455963e+14		 
8.60000000e+05		4.93465598e+34		2.04816216e+33		6.13650959e+14		 
8.62000000e+05		4.88827564e+34		2.05957788e+33		6.11772029e+14		 
8.64000000e+05		4.84200377e+34		2.07101133e+33		6.09878835e+14		 
8.66000000e+05		4.79584137e+34		2.08246228e+33		6.07990118e+14		 
8.68000000e+05		4.74978898e+34		2.09393060e+33		6.06105904e+14		 
8.70000000e+05		4.70384717e+34		2.10541617e+33		6.04226213e+14		 
8.72000000e+05		4.65801645e+34		2.11691888e+33		6.02351068e+14		 
8.74000000e+05		4.61229735e+34		2.12843860e+33		6.00480489e+14		 
8.76000000e+05		4.56669038e+34		2.13997522e+33		5.98614499e+14		 
8.78000000e+05		4.52119606e+34		2.15152860e+33		5.96753117e+14		 
8.80000000e+05		4.47581589e+34		2.16309837e+33		5.94853352e+14		 
8.82000000e+05		4.43055492e+34		2.17468312e+33		5.92900395e+14		 
8.84000000e+05		4.38541520e+34		2.18628231e+33		5.90952669e+14		 
8.86000000e+05		4.34039720e+34		2.19789582e+33		5.89010195e+14		 
8.88000000e+05		4.29550141e+34		2.20952352e+33		5.87072994e+14		 
8.90000000e+05		4.25072827e+34		2.22116529e+33		5.85141086e+14		 
8.92000000e+05		4.20607824e+34		2.23282100e+33		5.83214489e+14		 
8.94000000e+05		4.16155176e+34		2.24449054e+33		5.81293224e+14		 
8.96000000e+05		4.11714926e+34		2.25617379e+33		5.79377308e+14		 
8.98000000e+05		4.07287281e+34		2.26787014e+33		5.77405338e+14		 
9.00000000e+05		4.02872766e+34		2.27957812e+33		5.75394655e+14		 
9.02000000e+05		3.98471526e+34		2.29129728e+33		5.73390018e+14		 
9.04000000e+05		3.94083602e+34		2.30302751e+33		5.71391445e+14		 
9.06000000e+05		3.89709033e+34		2.31476868e+33		5.69398956e+14		 
9.08000000e+05		3.85347856e+34		2.32652066e+33		5.67412566e+14		 
9.10000000e+05		3.81000107e+34		2.33828335e+33		5.65432293e+14		 
9.12000000e+05		3.76665823e+34		2.35005661e+33		5.63458151e+14		 
9.14000000e+05		3.72345099e+34		2.36184015e+33		5.61463984e+14		 
9.16000000e+05		3.68038429e+34		2.37363249e+33		5.59391391e+14		 
9.18000000e+05		3.63746120e+34		2.38543270e+33		5.57325708e+14		 
9.20000000e+05		3.59468203e+34		2.39724068e+33		5.55266951e+14		 
9.22000000e+05		3.55204707e+34		2.40905629e+33		5.53215135e+14		 
9.24000000e+05		3.50955662e+34		2.42087941e+33		5.51170273e+14		 
9.26000000e+05		3.46721096e+34		2.43270993e+33		5.49132379e+14		 
9.28000000e+05		3.42501035e+34		2.44454772e+33		5.47101465e+14		 
9.30000000e+05		3.38295606e+34		2.45639237e+33		5.45035327e+14		 
9.32000000e+05		3.34105355e+34		2.46824218e+33		5.42902456e+14		 
9.34000000e+05		3.29930522e+34		2.48009637e+33		5.40777432e+14		 
9.36000000e+05		3.25771129e+34		2.49195485e+33		5.38660268e+14		 
9.38000000e+05		3.21627196e+34		2.50381747e+33		5.36550973e+14		 
9.40000000e+05		3.17498742e+34		2.51568414e+33		5.34449557e+14		 
9.42000000e+05		3.13385785e+34		2.52755474e+33		5.32356029e+14		 
9.44000000e+05		3.09288342e+34		2.53942914e+33		5.30270397e+14		 
9.46000000e+05		3.05206832e+34		2.55130600e+33		5.28078890e+14		 
9.48000000e+05		3.01141731e+34		2.56318376e+33		5.25888060e+14		 
9.50000000e+05		2.97093070e+34		2.57506226e+33		5.23706090e+14		 
9.52000000e+05		2.93060861e+34		2.58694138e+33		5.21532986e+14		 
9.54000000e+05		2.89045111e+34		2.59882102e+33		5.19368753e+14		 
9.56000000e+05		2.85045830e+34		2.61070107e+33		5.17213396e+14		 
9.58000000e+05		2.81063023e+34		2.62258141e+33		5.15066917e+14		 
9.60000000e+05		2.77097116e+34		2.63446063e+33		5.12811197e+14		 
9.62000000e+05		2.73148602e+34		2.64633705e+33		5.10555581e+14		 
9.64000000e+05		2.69217506e+34		2.65821049e+33		5.08309914e+14		 
9.66000000e+05		2.65303826e+34		2.67008087e+33		5.06074196e+14		 
9.68000000e+05		2.61407560e+34		2.68194808e+33		5.03848427e+14		 
9.70000000e+05		2.57528706e+34		2.69381201e+33		5.01632604e+14		 
9.72000000e+05		2.53667361e+34		2.70567226e+33		4.99384857e+14		 
9.74000000e+05		2.49824113e+34		2.71752677e+33		4.97055012e+14		 
9.76000000e+05		2.45999238e+34		2.72937455e+33		4.94736307e+14		 
9.78000000e+05		2.42192725e+34		2.74121548e+33		4.92428733e+14		 
9.80000000e+05		2.38404561e+34		2.75304950e+33		4.90132282e+14		 
9.82000000e+05		2.34634732e+34		2.76487650e+33		4.87846946e+14		 
9.84000000e+05		2.30883247e+34		2.77669632e+33		4.85561926e+14		 
9.86000000e+05		2.27150633e+34		2.78850707e+33		4.83157782e+14		 
9.88000000e+05		2.23437335e+34		2.80030712e+33		4.80766079e+14		 
9.90000000e+05		2.19743327e+34		2.81209640e+33		4.78386800e+14		 
9.92000000e+05		2.16068584e+34		2.82387484e+33		4.76019929e+14		 
9.94000000e+05		2.12413077e+34		2.83564236e+33		4.73665449e+14		 
9.96000000e+05		2.08776853e+34		2.84739865e+33		4.71293481e+14		 
9.98000000e+05		2.05160498e+34		2.85914155e+33		4.68815607e+14		 
1.00000000e+06		2.01564377e+34		2.87086962e+33		4.66351597e+14		 
1.00200000e+06		1.97988451e+34		2.88258283e+33		4.63901424e+14		 
1.00400000e+06		1.94432679e+34		2.89428111e+33		4.61465060e+14		 
1.00600000e+06		1.90897020e+34		2.90596442e+33		4.59042477e+14		 
1.00800000e+06		1.87381751e+34		2.91763159e+33		4.56529227e+14		 
1.01000000e+06		1.83887528e+34		2.92928016e+33		4.53979001e+14		 
1.01200000e+06		1.80414426e+34		2.94090963e+33		4.51444190e+14		 
1.01400000e+06		1.76962389e+34		2.95251998e+33		4.48924753e+14		 
1.01600000e+06		1.73531361e+34		2.96411119e+33		4.46420649e+14		 
1.01800000e+06		1.70121471e+34		2.97568257e+33		4.43855798e+14		 
1.02000000e+06		1.66733452e+34		2.98723128e+33		4.41218449e+14		 
1.02200000e+06		1.63367467e+34		2.99875651e+33		4.38598254e+14		 
1.02400000e+06		1.60023447e+34		3.01025823e+33		4.35995156e+14		 
1.02600000e+06		1.56701319e+34		3.02173647e+33		4.33409098e+14		 
1.02800000e+06		1.53401278e+34		3.03319024e+33		4.30741562e+14		 
1.03000000e+06		1.50124070e+34		3.04461657e+33		4.28016942e+14		 
1.03200000e+06		1.46869795e+34		3.05601483e+33		4.25311388e+14		 
1.03400000e+06		1.43638361e+34		3.06738505e+33		4.22624824e+14		 
1.03600000e+06		1.40429679e+34		3.07872727e+33		4.19957174e+14		 
1.03800000e+06		1.37244303e+34		3.09003914e+33		4.17130741e+14		 
1.04000000e+06		1.34082821e+34		3.10131817e+33		4.14319694e+14		 
1.04200000e+06		1.30945139e+34		3.11256440e+33		4.11529808e+14		 
1.04400000e+06		1.27831145e+34		3.12377790e+33		4.08760986e+14		 
1.04600000e+06		1.24741117e+34		3.13495728e+33		4.05885865e+14		 
1.04800000e+06		1.21675811e+34		3.14609937e+33		4.02966912e+14		 
1.05000000e+06		1.18635262e+34		3.15720368e+33		4.00071534e+14		 
1.05200000e+06		1.15619338e+34		3.16827030e+33		3.97199605e+14		 
1.05400000e+06		1.12628274e+34		3.17929798e+33		3.94224894e+14		 
1.05600000e+06		1.09662876e+34		3.19028326e+33		3.91196496e+14		 
1.05800000e+06		1.06723184e+34		3.20122555e+33		3.88194351e+14		 
1.06000000e+06		1.03809042e+34		3.21212504e+33		3.85218300e+14		 
1.06200000e+06		1.00920914e+34		3.22297952e+33		3.82087725e+14		 
1.06400000e+06		9.80595133e+33		3.23378576e+33		3.78949518e+14		 
1.06600000e+06		9.52247488e+33		3.24454366e+33		3.75840525e+14		 
1.06800000e+06		9.24166059e+33		3.25525281e+33		3.72692409e+14		 
1.07000000e+06		8.96359036e+33		3.26590950e+33		3.69412838e+14		 
1.07200000e+06		8.68829453e+33		3.27651203e+33		3.66165989e+14		 
1.07400000e+06		8.41575199e+33		3.28706071e+33		3.62951612e+14		 
1.07600000e+06		8.14603001e+33		3.29755234e+33		3.59527632e+14		 
1.07800000e+06		7.87919434e+33		3.30798373e+33		3.56138892e+14		 
1.08000000e+06		7.61522092e+33		3.31835528e+33		3.52786501e+14		 
1.08200000e+06		7.35416912e+33		3.32866399e+33		3.49233894e+14		 
1.08400000e+06		7.09611132e+33		3.33890634e+33		3.45700478e+14		 
1.08600000e+06		6.84102822e+33		3.34908247e+33		3.42193995e+14		 
1.08800000e+06		6.58899426e+33		3.35918868e+33		3.38468832e+14		 
1.09000000e+06		6.34007111e+33		3.36922178e+33		3.34789648e+14		 
1.09200000e+06		6.09425382e+33		3.37918125e+33		3.31044224e+14		 
1.09400000e+06		5.85164107e+33		3.38906229e+33		3.27168959e+14		 
1.09600000e+06		5.61224775e+33		3.39886351e+33		3.23345117e+14		 
1.09800000e+06		5.37613483e+33		3.40858159e+33		3.19293844e+14		 
1.10000000e+06		5.14337980e+33		3.41821246e+33		3.15271821e+14		 
1.10200000e+06		4.91400429e+33		3.42775435e+33		3.11108770e+14		 
1.10400000e+06		4.68811150e+33		3.43720201e+33		3.06881912e+14		 
1.10600000e+06		4.46572438e+33		3.44655353e+33		3.02554575e+14		 
1.10800000e+06		4.24695640e+33		3.45580310e+33		2.98118156e+14		 
1.11000000e+06		4.03184338e+33		3.46494817e+33		2.93570336e+14		 
1.11200000e+06		3.82050173e+33		3.47398266e+33		2.88922220e+14		 
1.11400000e+06		3.61299267e+33		3.48290281e+33		2.84095209e+14		 
1.11600000e+06		3.40941679e+33		3.49170306e+33		2.79236616e+14		 
1.11800000e+06		3.20987717e+33		3.50037769e+33		2.74070464e+14		 
1.12000000e+06		3.01448614e+33		3.50892045e+33		2.68822095e+14		 
1.12200000e+06		2.82335730e+33		3.51732496e+33		2.63444638e+14		 
1.12400000e+06		2.63662353e+33		3.52558386e+33		2.57744428e+14		 
1.12600000e+06		2.45443740e+33		3.53368881e+33		2.51865315e+14		 
1.12800000e+06		2.27694613e+33		3.54163155e+33		2.45763230e+14		 
1.13000000e+06		2.10432772e+33		3.54940231e+33		2.39394314e+14		 
1.13200000e+06		1.93677097e+33		3.55699064e+33		2.32715781e+14		 
1.13400000e+06		1.77449161e+33		3.56438470e+33		2.25688441e+14		 
1.13600000e+06		1.61772877e+33		3.57157134e+33		2.18278965e+14		 
1.13800000e+06		1.46674563e+33		3.57853606e+33		2.10462647e+14		 
1.14000000e+06		1.32184534e+33		3.58526226e+33		2.02198117e+14		 
1.14200000e+06		1.18335256e+33		3.59173198e+33		1.93338205e+14		 
1.14400000e+06		1.05164385e+33		3.59792449e+33		1.83951345e+14		 
1.14600000e+06		9.27086259e+32		3.60381908e+33		1.73960984e+14		 
1.14800000e+06		8.10077436e+32		3.60939319e+33		1.63352155e+14		 
1.15000000e+06		7.00983796e+32		3.61462526e+33		1.52212663e+14		 
1.15200000e+06		6.00099518e+32		3.61949677e+33		1.40643777e+14		 
1.15400000e+06		5.07593211e+32		3.62399486e+33		1.28891952e+14		 
1.15600000e+06		4.23455158e+32		3.62811512e+33		1.17223801e+14		 
1.15800000e+06		3.55181382e+32		3.63148056e+33		8.84958568e+13		 
1.16000000e+06		2.99744046e+32		3.63423304e+33		7.53963766e+13		 
1.16200000e+06		2.52673569e+32		3.63658755e+33		6.44177320e+13		 
1.16400000e+06		2.12266353e+32		3.63862424e+33		5.58692066e+13		 
1.16600000e+06		1.77308066e+32		3.64040002e+33		4.86180025e+13		 
1.16800000e+06		1.47016278e+32		3.64195090e+33		4.23163406e+13		 
1.17000000e+06		1.20782728e+32		3.64330473e+33		3.67972729e+13		 
1.17200000e+06		9.81170131e+31		3.64448386e+33		3.18780797e+13		 
1.17400000e+06		7.86293937e+31		3.64550588e+33		2.74524733e+13		 
1.17600000e+06		6.20027859e+31		3.64638497e+33		2.34345613e+13		 
1.17800000e+06		4.79547932e+31		3.64713381e+33		1.97822645e+13		 
1.18000000e+06		3.62432840e+31		3.64776324e+33		1.64528372e+13		 
1.18200000e+06		2.66428896e+31		3.64828345e+33		1.34308046e+13		 
1.18400000e+06		1.89385914e+31		3.64870437e+33		1.07112630e+13		 
1.18600000e+06		1.29221430e+31		3.64903579e+33		8.28009835e+12		 
1.18800000e+06		8.39265682e+30		3.64928736e+33		6.15122717e+12		 
1.19000000e+06		5.13992302e+30		3.64946950e+33		4.32980067e+12		 
1.19200000e+06		3.11841541e+30		3.64958356e+33		2.32850339e+12		 
1.19400000e+06		2.06066907e+30		3.64964372e+33		1.28794609e+12		 
1.19600000e+06		1.42285328e+30		3.64968029e+33		8.30055737e+11		 
1.19800000e+06		1.00171203e+30		3.64970463e+33		5.62341172e+11		 
1.20000000e+06		7.11248335e+29		3.64972155e+33		3.98122517e+11		 
1.20200000e+06		5.01884806e+29		3.64973385e+33		2.92577578e+11		 
1.20400000e+06		3.47673217e+29		3.64974299e+33		2.18523165e+11		 
1.20600000e+06		2.36727789e+29		3.64974961e+33		1.52976592e+11		 
1.20800000e+06		1.58559143e+29		3.64975432e+33		1.10042317e+11		 
1.21000000e+06		1.02356706e+29		3.64975773e+33		7.92997915e+10		 
